
D-I Avg:
109.4
0.4891	Eff. FG%
51.4	Turnover%
16.8	Rebound%
30.5	FT Rate
35.1	2-Pt %
51.8	3-Pt %
34.0	3P Rate
39.6
67.2
Rk	Team	Conf	G	Rec	AdjOE	AdjDE	Barthag	EFG%	EFGD%	TOR	TORD	ORB	DRB	FTR	FTRD	2P%	2P%D	3P%	3P%D	3PR	3PRD	Adj T.	WAB
1	Michigan	B10	29	27-2
129.3
4	91.3
2	.9820
1	58.7
7	44.0
2	16.6
167	16.3
203	36.3
23	28.2
69	38.3
98	26.4
13	62.2
2	43.8
3	36.0
62	29.6
12	42.6
125	42.2
270	71.6
15	+11.1
1
2	Duke	ACC	29	27-2
127.6
7	90.7
1	.9805
2	57.6
12	45.7
9	15.7
108	18.7
72	36.7
19	24.7
6	38.3
98	23.1
2	61.1
5	46.1
15	35.4
98	30.1
17	44.0
89	45.6
341	65.9
253	+10.7
2
3	Arizona	B12	29	27-2
126.1
11	91.5
3	.9755
3	54.9
48	44.9
3	15.1
66	17.0
161	38.8
4	25.9
19	42.5
29	28.7
43	55.6
52	43.6
2	35.3
101	31.5
49	26.9
363	36.9
98	70.3
34	+10.2
3
4	Florida	SEC	29	23-6
126.1
10	91.7
4	.9751
4	53.8
72	45.8
11	16.5
159	15.5
258	42.6
2	24.8
7	38.8
88	33.9
146	58.5
18	44.7
6	30.8
326	32.0
62	38.1
210	33.1
17	70.4
32	+7.0
6
5	Houston	B12	29	24-5
126.7
9	92.9
5	.9728
5	52.0
147	46.7
19	12.7
2	21.3
10	36.3
23	30.5
180	27.0
351	39.9
294	52.5
151	46.4
19	34.1
172	31.4
46	41.5
141	41.2
249	63.2
350	+6.8
7
6	Illinois	B10	29	22-7
133.3
1	98.7
25	.9693
6	55.4
37	47.7
34	13.6
13	11.7
365	39.3
3	26.9
38	33.4
225	19.7
1	57.6
28	47.1
33	35.5
89	32.4
81	51.2
9	41.0
240	65.4
277	+6.2
12
7	Purdue
   (A) 30 Ohio St. (lost)	B10	29	22-7
130.9
2	99.7
30	.9580
7	57.8
11	51.5
185	13.5
12	16.1
220	35.2
43	26.2
22	28.4
337	27.0
19	57.9
25	52.9
231	38.3
14	33.2
127	40.7
154	45.5
339	65.0
297	+6.2
11
8	Connecticut	BE	30	27-3
124.5
19	95.1
11	.9569
8	56.1
26	45.3
6	16.2
145	18.2
95	34.6
56	28.9
104	31.2
282	39.8
290	57.1
37	44.9
8	36.5
42	30.6
31	40.0
168	35.6
61	64.9
304	+8.8
4
9	Iowa St.	B12	29	24-5
124.0
21	95.2
12	.9542
9	57.2
16	49.6
88	15.2
70	22.0
7	35.6
33	28.4
78	35.5
168	26.9
18	56.4
44	50.2
110	39.0
8	32.5
87	38.2
205	43.0
290	67.0
192	+5.9
15
10	Texas Tech	B12	29	22-7
127.8
6	98.3
23	.9532
10	56.5
19	49.0
66	15.7
108	14.9
299	34.1
65	29.0
111	28.2
340	32.2
106	54.0
85	50.0
102	39.5
6	31.4
46	47.1
31	35.2
54	66.7
215	+5.9
16
11	Michigan St.
   (A) 31 Indiana	B10	28	23-5
120.7
39	94.4
8	.9444
11	53.3
88	47.4
28	17.3
219	15.1
282	38.6
5	22.4
1	35.7
162	30.4
67	53.7
96	47.3
36	35.0
116	31.6
53	36.8
232	46.2
345	65.6
267	+6.7
8
12	Nebraska	B10	29	25-4
119.4
50	93.4
6	.9436
12	55.9
29	47.0
22	14.0
24	19.3
42	26.3
317	27.3
50	26.6
354	25.1
6	58.3
20	49.8
93	35.7
81	29.4
7	50.7
13	49.0
360	66.8
211	+7.1
5
13	Kansas	B12	29	21-8
120.5
42	94.6
9	.9421
13	52.7
127	45.0
5	15.4
84	13.8
340	28.2
259	30.5
180	32.5
248	26.6
15	52.4
157	45.4
11	35.5
89	29.7
14	35.6
259	42.7
282	67.1
191	+6.0
14
14	Tennessee	SEC	29	20-9
121.8
34	95.6
15	.9418
14	52.0
147	47.7
34	17.8
250	16.3
203	45.5
1	27.5
52	39.0
81	35.1
179	52.3
159	49.4
77	34.3
160	30.5
25	32.3
326	44.8
331	65.3
286	+3.7
22
15	Gonzaga	WCC	31	28-3
120.5
43	94.6
10	.9418
15	56.3
24	46.5
18	13.6
13	20.7
18	35.0
44	25.0
11	31.0
288	31.8
96	58.6
17	46.2
17	34.0
176	31.2
40	30.7
348	43.5
307	69.2
83	+6.2
10
16	Vanderbilt	SEC	29	22-7
125.3
15	99.0
28	.9375
16	56.0
27	48.4
53	13.4
11	17.9
105	30.9
169	29.6
143	37.6
114	41.4
316	58.3
20	49.3
72	35.5
89	31.3
44	44.6
72	38.8
153	69.2
80	+4.5
20
17	Alabama	SEC	29	22-7
130.0
3	102.8
54	.9372
17	55.7
32	48.4
53	13.3
9	12.3
363	31.8
135	32.9
296	37.1
130	33.2
128	57.5
31	48.0
45	36.1
58	32.8
103	54.1
1	34.9
48	73.0
4	+6.7
9
18	Virginia	ACC	29	25-4
121.7
35	96.3
17	.9368
18	54.5
57	45.3
6	15.9
125	16.0
227	38.5
7	28.7
94	33.8
219	33.6
137	55.5
53	44.8
7	35.6
86	30.7
33	46.7
37	36.9
98	65.5
272	+6.0
13
19	Louisville	ACC	29	20-9
124.8
17	98.8
26	.9364
19	56.5
19	48.3
50	16.6
167	16.8
171	33.5
80	26.5
27	33.8
219	33.6
137	59.8
9	47.9
43	35.8
74	32.6
96	53.4
3	39.7
193	70.3
35	+2.9
28
20	St. John's	BE	29	23-6
119.2
52	95.2
13	.9299
20	51.1
187	47.7
34	14.7
46	19.5
35	36.1
28	30.0
160	43.0
23	31.7
94	50.8
222	47.3
36	34.3
160	32.3
80	33.4
309	34.7
44	69.8
49	+4.7
18
21	Arkansas	SEC	29	21-8
128.3
5	102.9
56	.9263
21	56.4
21	51.4
178	12.2
1	16.2
216	32.4
114	32.1
258	36.2
152	31.5
88	56.5
43	54.2
282	37.4
29	31.5
49	33.7
301	39.5
182	70.8
24	+4.6
19
22	Wisconsin	B10	29	20-9
125.4
13	102.8
55	.9078
22	54.0
68	51.4
178	13.2
7	14.6
318	29.9
208	26.5
27	32.9
237	32.0
102	54.8
66	52.2
207	35.5
89	33.4
142	51.3
8	39.8
194	69.2
76	+2.9
27
23	Saint Mary's	WCC	31	27-4
119.6
47	98.1
22	.9074
23	53.0
107	46.3
15	16.4
153	15.4
263	37.6
13	23.7
3	35.9
159	25.8
10	50.1
250	46.4
19	38.8
10	30.7
33	36.0
251	36.7
92	65.2
288	+4.2
21
24	North Carolina	ACC	29	23-6
122.8
28	100.9
37	.9056
24	54.7
53	47.8
39	13.8
18	13.7
344	32.2
119	28.3
73	39.1
79	23.8
3	57.5
31	45.8
14	33.9
183	34.2
188	41.8
136	36.8
93	67.7
156	+4.8
17
25	Iowa	B10	29	20-9
122.5
30	100.6
33	.9054
25	56.8
17	52.0
213	15.0
60	21.0
14	30.8
171	28.0
65	35.1
184	38.3
271	59.2
14	53.3
243	35.5
89	33.3
133	41.0
147	38.9
157	62.8
357	+2.0
36
Rk	Team	Conf	G	Rec	AdjOE	AdjDE	Barthag	Efg%	EfgD%	TOR	TORD	ORB	DRB	FTR	FTRD	2P%	2P%D	3P%	3P%D	3PR	3PRD	Adj T.	WAB
26	Utah St.	MWC	29	24-5
124.6
18	103.2
68	.8972
26	57.5
13	49.0
66	15.6
101	20.8
16	34.1
65	32.5
282	37.9
107	39.4
284	59.6
11	48.1
50	36.3
50	33.4
142	40.8
152	41.1
243	67.5
171	+3.1
25
27	Clemson	ACC	29	21-8
116.2
70	96.4
18	.8957
27	53.2
96	48.1
46	14.7
46	17.5
128	28.7
242	25.2
13	38.1
104	33.2
128	55.0
58	48.9
60	34.0
176	31.3
44	43.1
107	42.7
282	64.2
329	+2.2
33
28	Saint Louis	A10	29	26-3
121.5
36	100.9
36	.8941
28	60.4
2	43.6
1	17.3
219	16.3
203	32.0
127	26.3
23	34.8
192	38.2
268	59.0
15	43.8
3	41.4
1	28.9
4	45.1
62	41.1
243	71.3
19	+2.6
31
29	N.C. State	ACC	29	19-10
123.1
27	102.3
49	.8931
29	55.6
33	51.9
208	13.2
7	18.8
66	28.2
259	29.7
145	34.0
212	37.1
238	53.8
94	51.8
186	38.6
11	34.7
219	44.2
85	45.2
338	69.0
91	+1.0
41
30	Ohio St.
   (H) 7 Purdue (won)	B10	29	18-11
123.9
23	103.1
62	.8925
30	55.6
33	49.8
93	15.3
74	15.7
251	31.4
144	31.2
209	37.8
110	33.9
146	57.8
26	52.1
201	34.8
135	31.0
37	39.5
181	40.5
213	66.2
241	+1.3
39
31	Indiana
   (H) 11 Michigan St.	B10	28	17-11
123.1
26	102.5
51	.8917
31	56.0
27	48.2
47	14.9
56	15.2
274	27.1
294	29.7
145	35.5
168	37.0
235	60.0
8	48.4
54	34.9
124	32.0
62	51.2
9	36.4
86	66.2
238	+0.21
49
32	Kentucky	SEC	29	19-10
120.6
40	100.4
32	.8913
32	53.7
75	48.3
50	15.3
74	15.7
251	34.8
51	29.3
124	37.5
117	34.8
172	54.5
75	49.2
68	35.0
116	31.2
40	39.5
181	40.6
218	67.9
138	+2.8
29
33	Santa Clara	WCC	31	24-7
123.6
24	103.1
61	.8895
33	54.8
51	51.7
201	15.9
125	20.5
20	36.4
21	31.5
221	26.7
353	38.8
279	57.2
35	53.1
239	34.6
148	32.9
111	44.5
77	37.7
121	69.9
47	+1.4
38
34	Cincinnati	B12	29	16-13
113.1
110	94.3
7	.8893
34	50.3
224	48.0
42	16.7
175	18.8
66	30.8
171	26.9
38	29.7
317	29.8
54	51.0
213	48.1
50	32.9
237	32.0
62	43.7
96	40.7
223	67.7
155	-1.8
69
35	Texas A&M	SEC	29	19-10
121.1
38	101.5
42	.8838
35	54.8
51	50.6
130	14.9
56	18.3
90	32.8
96	32.2
267	36.8
142	35.3
188	55.0
58	52.5
218	36.5
42	32.0
62	46.4
40	41.4
254	71.0
23	+0.8
43
36	BYU	B12	29	20-9
125.2
16	104.9
90	.8834
36	55.1
39	50.5
126	15.0
60	16.0
227	33.9
70	28.8
101	35.4
174	28.5
39	56.6
41	50.1
106	35.3
101	34.1
183	40.2
164	38.9
157	69.8
52	+3.4
24
37	Villanova	BE	29	22-7
120.0
45	100.9
35	.8805
37	53.7
75	51.4
178	15.2
70	18.8
66	33.1
90	32.2
267	31.9
262	29.3
49	54.0
85	51.5
171	35.5
89	34.1
183	45.7
51	37.1
107	64.4
325	+3.7
23
38	Texas	SEC	29	18-11
126.9
8	106.9
122	.8774
38	54.9
48	50.7
136	15.3
74	13.8
340	37.1
15	27.2
46	46.4
2	40.1
301	56.3
46	49.3
72	34.9
124	35.7
278	36.3
242	34.1
31	66.4
224	+1.0
40
39	Georgia	SEC	29	20-9
124.4
20	104.9
87	.8773
39	54.4
58	49.5
83	14.0
24	18.5
82	35.3
41	35.7
347	37.2
126	30.9
77	57.8
26	49.5
82	33.3
215	32.9
111	43.4
101	36.8
93	71.7
13	+2.0
35
40	Miami FL	ACC	29	23-6
120.1
44	101.3
41	.8759
40	55.9
29	50.8
146	16.4
153	18.6
77	37.7
12	25.5
16	37.5
117	29.4
50	58.1
23	49.6
83	34.1
172	35.1
242	31.8
331	40.7
223	68.2
126	+2.8
30
41	San Diego St.	MWC	28	19-9
113.2
104	95.6
14	.8747
41	52.8
117	47.8
39	17.2
209	20.8
16	29.9
208	30.9
197	37.7
111	38.7
278	52.8
135	46.5
23	35.2
107	32.7
99	33.9
296	48.2
358	68.6
106	-0.36
53
42	UCLA	B10	29	19-10
122.4
31	103.5
70	.8739
42	53.5
85	50.6
130	13.6
13	18.3
90	31.0
163	32.5
282	33.9
215	35.4
189	51.7
184	53.3
243	37.9
21	31.6
53	35.2
268	45.1
336	64.7
314	+1.5
37
43	SMU	ACC	29	19-10
125.6
12	106.4
112	.8705
43	56.4
21	51.0
153	15.6
101	17.1
152	34.9
47	31.8
243	32.8
239	32.3
108	56.1
49	51.8
186	37.9
21	33.4
142	34.7
280	47.0
353	68.8
102	+0.7
45
44	Missouri	SEC	29	20-9
121.2
37	103.2
65	.8644
44	55.6
33	50.6
130	17.6
240	16.5
188	35.9
29	31.5
221	43.0
23	34.7
169	57.2
35	48.0
45	35.2
107	35.9
293	36.3
242	43.9
314	66.4
230	+2.1
34
45	Auburn	SEC	29	15-14
125.3
14	106.9
120	.8623
45	52.2
142	53.8
288	14.6
44	16.5
188	38.6
5	32.1
258	46.1
4	34.4
160	53.4
108	52.4
215	33.6
201	37.1
342	38.7
197	40.6
218	67.2
183	-0.18
51
46	New Mexico	MWC	29	22-7
116.7
67	100.9
39	.8425
46	53.7
75	48.7
60	15.3
74	19.0
57	29.1
232	27.6
55	36.5
148	32.2
106	53.3
115	52.8
228	36.2
56	29.6
12	42.2
132	48.0
357	69.7
58	+0.9
42
47	UCF	B12	28	20-8
122.5
29	106.5
113	.8340
47	54.6
55	52.5
240	16.1
137	16.0
227	34.9
47	28.5
85	29.8
313	33.6
137	52.9
131	53.9
269	38.5
12	33.6
155	35.0
272	40.0
200	68.9
98	+2.6
32
48	Washington	B10	29	14-15
116.7
69	101.7
44	.8301
48	51.2
183	49.9
99	15.6
101	14.4
324	34.0
68	28.6
89	30.8
291	31.6
92	53.1
123	49.9
97	31.6
298	33.2
127	33.7
301	37.9
128	66.7
212	-3.2
85
49	Minnesota	B10	29	14-15
117.1
65	102.1
46	.8289
49	54.4
58	51.3
170	16.3
148	17.3
138	27.5
285	29.4
129	36.7
144	27.6
25	56.4
44	51.3
160	34.8
135	34.2
188	47.8
25	41.5
256	62.6
361	-3.5
89
50	Oklahoma	SEC	29	15-14
124.0
22	108.2
155	.8272
50	54.7
53	51.5
185	14.5
38	15.1
282	33.7
73	33.2
306	35.4
174	34.2
155	54.4
78	51.4
166	36.7
39	34.4
201	44.6
72	38.8
153	66.2
236	-2.2
73
Rk	Team	Conf	G	Rec	AdjOE	AdjDE	Barthag	Efg%	EfgD%	TOR	TORD	ORB	DRB	FTR	FTRD	2P%	2P%D	3P%	3P%D	3PR	3PRD	Adj T.	WAB
51	Baylor	B12	29	15-14
121.9
33	106.8
118	.8205
51	53.7
75	51.7
201	16.4
153	15.7
251	37.0
18	32.3
275	36.1
156	30.2
62	54.6
73	51.2
151	34.8
135	35.1
242	39.5
181	34.4
38	67.7
154	-2.0
70
52	VCU	A10	29	22-7
119.7
46	104.9
88	.8200
52	54.4
58	48.8
61	15.8
116	17.2
142	33.6
78	30.1
163	45.5
7	34.8
172	54.2
80	47.9
43	36.4
47	33.6
155	44.7
68	33.7
25	69.4
68	+0.34
47
53	South Florida
   (H) 191 Tulane (won)	Amer	29	21-8
117.5
61	103.2
66	.8166
53	50.9
196	49.0
66	15.4
84	18.9
62	38.0
10	31.6
227	42.5
29	39.5
285	52.0
170	46.4
19	33.0
234	35.2
248	44.0
89	39.5
182	71.3
21	-1.2
62
54	Virginia Tech	ACC	29	18-11
117.4
62	103.2
67	.8162
54	52.5
134	50.7
136	14.8
50	17.6
121	31.4
144	32.7
289	34.1
210	28.5
39	51.8
178	54.0
275	35.7
81	30.5
25	39.3
187	39.8
194	67.0
195	-0.38
54
55	Grand Canyon	MWC	29	18-11
110.6
148	97.7
20	.8051
55	50.9
196	47.5
33	18.0
259	17.3
138	31.9
132	26.1
20	39.1
79	37.3
245	53.8
94	46.9
28	30.9
321	32.4
81	38.8
196	38.7
150	67.6
165	-2.7
77
56	TCU	B12	29	19-10
113.1
106	100.2
31	.8025
56	50.9
196	51.0
153	15.7
108	19.7
30	33.8
72	28.7
94	39.6
68	30.5
69	51.6
190	51.0
145	33.1
230	34.0
180	37.0
231	37.5
116	67.6
163	+0.7
46
57	Boise St.	MWC	29	18-11
117.5
59	104.1
79	.8013
57	52.0
147	52.3
226	16.6
167	14.9
299	32.1
122	24.2
4	41.2
47	31.9
100	52.4
157	52.8
228	34.3
160	34.4
201	43.1
107	36.9
98	65.4
278	-2.1
72
58	Tulsa	Amer	29	23-6
122.3
32	108.6
164	.7974
58	57.3
15	50.3
116	15.4
84	15.4
263	32.5
110	28.2
69	40.5
51	31.5
88	55.4
56	50.0
102	39.8
4	33.9
174	46.1
45	39.8
194	67.8
147	-0.9
60
59	USC	B10	29	18-11
113.4
101	100.9
38	.7922
59	50.8
207	49.1
72	17.7
246	16.7
179	33.2
89	32.0
254	45.7
5	34.4
160	52.2
165	51.5
171	32.1
272	30.4
20	34.1
291	40.8
230	70.5
30	+0.31
48
60	Seton Hall	BE	29	19-10
107.5
202	95.7
16	.7912
60	47.9
315	46.8
20	17.1
205	22.1
6	35.6
33	32.2
267	35.7
162	42.7
328	48.3
302	45.6
13	31.1
314	32.4
81	27.0
362	42.7
282	65.3
283	-0.49
55
61	Providence	BE	29	14-15
123.5
25	110.2
196	.7889
61	55.2
38	51.4
178	16.1
137	12.9
359	32.3
116	31.1
203	37.1
130	33.3
130	56.0
50	49.8
93	36.0
62	35.9
293	40.1
166	39.2
169	71.1
22	-4.2
96
62	West Virginia	B12	29	17-12
110.4
150	98.5
24	.7883
62	51.5
174	48.5
55	17.1
205	17.9
105	31.1
162	28.0
65	35.3
178	29.0
46	52.7
141	45.4
11	33.3
215	35.6
271	42.8
115	38.9
157	62.3
363	-1.4
65
63	Arizona St.	B12	29	15-14
117.5
60	105.0
92	.7845
63	51.5
174	53.1
268	15.8
116	18.8
66	30.1
201	34.1
318	39.2
77	35.1
179	51.5
192	52.9
231	34.3
160	35.6
271	37.7
221	40.0
200	68.8
103	-2.1
71
64	Belmont
   (A) 104 Illinois St.	MVC	30	26-4
120.6
41	107.9
150	.7821
64	61.4
1	49.1
72	18.3
280	17.7
116	28.8
238	29.2
122	32.9
237	29.5
52	61.2
4	47.7
42	41.1
2	33.7
162	45.2
59	49.0
360	68.9
99	+0.7
44
65	Stanford	ACC	29	18-11
115.8
78	103.7
71	.7812
65	50.9
196	51.3
170	15.8
116	18.6
77	32.5
110	29.0
111	37.4
121	40.2
303	49.7
266	51.5
171	34.9
124	33.9
174	44.5
77	33.4
21	67.1
186	-1.4
66
66	California	ACC	29	20-9
114.2
94	102.3
48	.7812
66	52.4
136	49.2
76	15.2
70	16.1
220	25.8
329	31.1
203	37.1
130	36.3
217	50.2
244	51.6
180	37.0
34	30.4
20	42.6
125	41.2
249	67.5
173	-0.18
52
67	Akron	MAC	29	24-5
119.4
49	106.9
121	.7811
67	58.6
9	51.0
153	15.6
101	18.5
82	33.7
73	30.9
197	29.8
313	31.1
80	59.4
13	49.4
77	38.5
12	35.4
257	44.9
64	43.2
293	70.7
25	-0.9
59
68	Florida St.	ACC	29	15-14
116.7
68	104.5
83	.7806
68	50.9
196	52.2
222	15.4
84	19.1
49	31.6
139	32.7
289	35.0
187	32.8
119	54.3
79	52.5
218	31.7
292	34.5
210	50.6
14	44.6
328	70.5
29	-2.9
79
69	Northwestern	B10	29	13-16
115.8
79	103.8
72	.7789
69	51.1
187	50.0
102	13.0
4	17.1
152	27.8
272	34.6
326	34.6
199	35.1
179	52.5
151	50.5
123	32.3
260	32.8
103	34.0
293	40.3
206	65.7
262	-3.8
92
70	Syracuse	ACC	29	15-14
117.1
64	105.3
95	.7734
70	53.2
96	50.0
102	16.0
131	17.8
111	29.6
217	33.5
309	36.4
151	34.0
150	54.7
68	49.3
72	33.7
193	34.2
188	36.6
238	34.5
40	67.5
168	-3.2
84
71	Wake Forest	ACC	29	15-14
118.1
57	106.2
109	.7719
71	52.8
117	52.7
247	15.5
95	18.6
77	30.4
189	32.6
287	34.3
205	36.1
211	53.9
88	55.1
308	34.2
168	33.3
133	44.1
87	46.9
351	68.2
129	-3.2
83
72	Butler	BE	29	15-14
118.4
56	106.5
115	.7710
72	51.3
179	52.0
213	15.7
108	15.3
269	35.0
44	30.1
163	43.1
21	25.2
8	52.0
170	53.5
253	33.4
212	32.9
111	35.3
264	37.2
111	68.5
110	-3.4
88
73	LSU	SEC	29	15-14
119.1
54	107.3
132	.7672
73	52.6
128	50.7
136	15.1
66	14.3
327	33.5
80	31.8
243	40.7
50	37.8
255	54.1
82	49.0
62	33.2
223	35.7
278	34.4
285	37.8
123	66.4
226	-3.2
81
74	Nevada	MWC	29	19-10
116.0
75	104.6
85	.7660
74	49.7
256	51.1
160	14.8
50	17.4
136	32.6
105	28.6
89	45.5
7	38.5
275	46.4
339	50.1
106	37.7
24	35.0
237	32.7
322	43.6
309	65.4
281	-1.6
67
75	George Washington	A10	29	16-13
119.3
51	108.1
151	.7570
75	55.6
33	52.4
231	18.1
267	17.9
105	36.3
23	28.4
78	35.9
159	34.8
172	57.4
33	53.7
263	35.6
86	33.7
162	46.5
38	43.2
293	69.3
73	-6.6
140
Rk	Team	Conf	G	Rec	AdjOE	AdjDE	Barthag	Efg%	EfgD%	TOR	TORD	ORB	DRB	FTR	FTRD	2P%	2P%D	3P%	3P%D	3PR	3PRD	Adj T.	WAB
76	Stephen F. Austin	Slnd	30	26-4
113.6
98	103.1
59	.7535
76	51.8
160	47.0
22	14.1
27	17.6
121	34.9
47	28.8
101	30.7
295	31.0
79	50.4
236	48.5
55	35.9
71	29.5
10	39.8
173	34.8
46	65.9
258	-0.6
57
77	Dayton	A10	29	20-9
111.5
129	101.3
40	.7509
77	52.3
138	51.1
160	17.3
219	22.2
5	27.0
295	30.6
183	48.0
1	35.9
205	52.8
135	49.1
64	34.3
160	35.9
293	41.2
146	41.1
243	67.5
169	-1.3
63
78	Miami OH	MAC	29	29-0
116.9
66	106.7
117	.7420
78	59.1
6	50.3
116	14.5
38	18.0
101	25.0
339	27.5
52	40.2
58	32.1
104	61.5
3	50.8
136	37.4
29	32.9
111	44.0
89	37.4
114	70.0
43	+3.0
26
79	McNeese St.	Slnd	30	25-5
114.0
96	104.0
77	.7411
79	51.2
183	49.3
80	14.2
29	24.6
1	35.4
38	35.3
342	38.4
96	42.0
322	53.3
115	49.3
72	31.5
301	32.9
111	35.1
270	46.5
347	66.1
244	+0.11
50
80	Mississippi	SEC	29	12-17
114.7
88	104.9
89	.7356
80	50.3
224	51.5
185	13.8
18	17.1
152	28.9
234	32.6
287	33.4
225	41.4
316	50.6
228	51.4
166	33.2
223	34.4
201	36.8
232	42.4
276	65.7
264	-4.8
106
81	Marquette
   (H) 98 DePaul	BE	28	10-18
113.1
107	103.8
75	.7288
81	50.5
215	51.3
170	15.8
116	19.0
57	30.3
194	34.7
331	32.1
258	32.0
102	52.1
167	51.6
180	32.1
272	33.9
174	41.3
144	39.0
165	69.1
85	-7.4
159
82	Northern Iowa
   (A) 216 Drake	MVC	30	18-12
107.6
195	99.0
27	.7232
82	53.1
100	47.7
34	14.5
38	18.3
90	21.3
361	25.5
16	25.4
363	29.2
47	54.5
75	50.8
136	34.0
176	28.8
3	39.6
179	41.0
240	62.0
364	-6.1
129
83	Georgetown	BE	29	13-16
114.6
89	105.4
99	.7231
83	49.6
261	50.2
109	15.3
74	16.0
227	32.7
100	31.2
209	38.8
88	36.0
207	50.2
244	50.2
110	32.3
260	33.4
142	36.2
244	40.7
223	66.2
239	-5.8
122
84	Colorado	B12	29	16-13
116.1
74	106.8
119	.7219
84	52.9
112	52.7
247	14.8
50	15.8
245	29.3
225	29.6
143	36.1
156	35.1
179	53.1
123	51.0
145	35.0
116	37.0
336	34.9
275	36.9
98	68.7
105	-2.4
75
85	Utah Valley	WAC	29	22-7
112.0
118	103.1
58	.7219
85	55.0
42	48.2
47	20.7
352	21.8
8	35.3
41	31.7
236	36.8
142	38.3
271	57.6
28	46.4
19	33.1
230	34.7
219	32.8
318	32.3
15	68.9
97	-2.5
76
86	Creighton	BE	30	14-16
116.2
71	107.0
123	.7215
86	53.7
75	51.5
185	16.7
175	13.9
338	27.8
272	30.3
173	27.9
345	24.3
5	54.9
62	50.4
119	34.9
124	36.0
298	48.2
23	32.2
14	67.0
198	-4.2
97
87	Wichita St.
   (A) 339 UTSA	Amer	29	19-10
111.8
125	103.1
63	.7173
87	49.5
266	47.8
39	14.9
56	16.1
220	38.3
9	29.1
118	37.6
114	34.4
160	49.2
278	48.9
60	33.3
215	30.5
25	33.9
296	33.5
23	66.1
243	-3.9
94
88	Oregon	B10	29	11-18
112.5
113	104.0
76	.7117
88	49.8
250	51.0
153	18.2
273	16.0
227	33.4
84	32.0
254	35.6
165	32.7
118	50.5
231	51.1
149	32.6
247	33.9
174	42.8
115	41.1
243	65.7
265	-6.1
128
89	Oklahoma St.	B12	29	17-12
115.7
80	107.0
125	.7102
89	52.1
144	52.5
240	16.5
159	16.6
183	30.4
189	30.4
176	39.0
81	31.9
100	52.7
141	52.1
201	34.1
172	35.4
257	36.2
244	43.4
303	72.0
10	-1.4
64
90	Colorado St.	MWC	29	19-10
119.5
48	110.7
205	.7067
90	58.7
7	53.2
271	18.3
280	14.8
309	31.0
163	28.4
78	40.3
56	32.8
119	58.1
23	53.5
253	39.5
6	35.3
251	48.6
21	44.0
318	62.5
362	-2.8
78
91	Xavier	BE	29	14-15
116.1
73	107.6
140	.7056
91	51.9
153	53.5
277	13.9
20	15.7
251	26.4
314	28.6
89	27.6
347	34.2
155	50.0
254	54.1
280	36.5
42	34.9
230	40.5
158	35.3
56	70.2
37	-4.4
99
92	High Point	BSth	31	27-4
117.3
63	108.9
170	.7021
92	55.0
42	50.9
150	13.0
4	22.4
4	32.5
110	31.7
236	42.9
25	36.1
211	57.6
28	52.2
207	34.4
159	32.8
103	43.1
107	41.3
253	69.7
57	-1.6
68
93	Yale	Ivy	27	22-5
119.1
55	110.7
208	.6973
93	56.4
21	52.1
218	14.3
33	16.4
197	33.0
93	28.9
104	36.2
152	28.1
32	53.9
88	51.8
186	40.5
3	35.0
237	35.9
254	44.6
328	64.7
312	-0.8
58
94	Notre Dame	ACC	29	13-16
115.2
84	107.3
131	.6935
94	52.6
128	51.6
193	17.1
205	14.1
334	31.8
135	26.9
38	33.5
223	35.2
185	51.9
174	53.4
248	35.7
81	33.1
124	43.1
107	47.5
355	65.5
270	-4.5
101
95	Sam Houston St.	CUSA	29	21-8
115.6
81	107.7
145	.6932
95	53.4
87	50.3
116	16.9
189	16.3
203	35.4
38	30.6
183	35.0
187	37.7
253	51.3
200	52.7
222	38.0
20	31.2
40	36.2
244	40.9
233	70.0
44	-3.2
82
96	Davidson
   (H) 205 La Salle (won)	A10	29	18-11
111.8
123	104.2
82	.6916
96	53.3
88	50.8
146	16.7
175	17.6
121	29.7
215	30.3
173	31.8
263	36.6
228	51.9
174	52.1
201	36.7
39	32.4
81	43.4
101	37.0
103	63.5
343	-4.6
102
97	Hofstra	CAA	30	20-10
113.3
102	105.9
108	.6847
97	51.8
160	46.2
13	16.1
137	15.0
289	33.6
78	30.8
193	32.1
258	34.9
177	48.6
293	44.4
5	37.4
29	32.5
87	42.8
115	40.5
213	65.2
291	-5.2
110
98	DePaul
   (A) 81 Marquette	BE	28	15-13
108.7
177	101.6
43	.6840
98	50.8
207	49.8
93	17.7
246	18.7
72	30.4
189	30.8
193	36.2
152	37.2
241	51.4
196	47.1
33	33.2
223	36.7
329	39.3
187	33.9
28	66.1
242	-3.9
93
99	Mississippi St.	SEC	29	13-16
112.6
112	105.4
97	.6816
99	51.2
183	50.2
109	15.9
125	13.0
355	30.6
181	30.1
163	31.3
279	32.4
113	53.1
123	50.8
136	32.3
260	32.8
103	40.3
163	39.5
182	69.1
86	-4.7
104
100	Seattle	WCC	31	19-12
103.6
273	97.1
19	.6761
100	49.8
250	48.5
55	16.9
189	21.1
13	24.8
342	32.0
254	34.2
207	33.4
132	50.0
254	48.7
58	33.1
230	32.0
62	38.9
193	37.1
107	67.8
144	-4.9
107
Rk	Team	Conf	G	Rec	AdjOE	AdjDE	Barthag	Efg%	EfgD%	TOR	TORD	ORB	DRB	FTR	FTRD	2P%	2P%D	3P%	3P%D	3PR	3PRD	Adj T.	WAB
101	South Carolina	SEC	29	12-17
112.3
114	105.3
96	.6760
101	50.5
215	51.1
160	14.1
27	14.8
309	26.6
308	32.4
280	37.0
135	34.3
158	53.9
88	52.9
231	30.7
329	32.0
62	43.7
96	36.2
80	66.3
233	-6.0
126
102	Saint Joseph's	A10	29	19-10
107.4
205	100.8
34	.6755
102	48.8
296	47.4
28	16.9
189	15.9
235	31.4
144	31.5
221	29.5
318	26.6
15	52.0
170	47.0
30	30.0
341	32.1
72	45.8
49	39.2
169	67.8
145	-4.4
100
103	Utah	B12	29	10-19
114.4
91	107.4
137	.6740
103	51.8
160	53.0
259	16.7
175	13.7
344	29.5
220	31.3
215	31.7
264	29.7
53	51.3
200	53.9
269	35.1
111	34.2
188	38.2
205	33.8
27	66.5
222	-7.6
165
104	Illinois St.
   (H) 64 Belmont	MVC	30	19-11
109.7
160	103.0
57	.6728
104	53.9
70	49.3
80	16.9
189	16.3
203	28.6
244	24.9
9	30.7
295	33.6
137	55.0
58	49.4
77	35.0
116	32.7
99	42.2
132	34.1
31	66.9
203	-5.5
113
105	Pittsburgh	ACC	29	11-18
112.0
118	105.5
101	.6656
105	50.9
196	52.8
253	17.5
231	16.5
188	33.5
80	28.4
78	30.4
302	31.3
85	51.2
205	53.7
263	33.7
193	34.3
196	42.8
115	40.7
223	63.8
337	-7.1
153
106	Kansas St.	B12	29	11-18
111.9
120	105.6
102	.6611
106	53.3
88	51.8
205	17.5
231	17.2
142	29.7
215	33.5
309	25.8
360	36.5
225	52.8
135	52.7
222	36.0
62	33.6
155	41.4
142	38.4
145	72.3
7	-6.6
138
107	Wyoming	MWC	29	16-13
113.7
97	107.4
135	.6591
107	51.5
174	52.2
222	16.6
167	17.2
142	34.2
63	27.1
42	35.6
165	48.2
360	53.4
108	53.6
258	32.7
244	33.2
127	43.8
94	37.1
107	66.2
240	-5.0
108
108	Pacific	WCC	31	17-14
110.7
141	104.6
84	.6582
108	52.6
128	50.1
108	20.3
348	15.0
289	35.0
44	24.3
5	31.1
285	36.7
230	51.8
178	49.1
64	36.1
58	34.3
196	34.8
276	42.3
274	64.5
324	-6.8
145
109	St. Thomas	Sum	31	23-8
114.6
90	108.4
161	.6540
109	59.8
4	51.0
153	13.9
20	17.1
152	21.8
358	27.1
42	33.9
215	29.9
56	63.9
1	53.3
243	36.8
37	31.7
57	46.5
38	40.9
233	68.5
111	-4.3
98
110	Liberty	CUSA	29	24-5
117.8
58	111.6
223	.6517
110	60.2
3	52.6
244	13.9
20	17.6
121	18.2
365	32.3
275	32.8
239	26.4
13	61.0
6	49.9
97	39.6
5	38.0
351	47.0
32	37.7
121	63.9
335	-0.5
56
111	UC Irvine	BW	30	20-10
103.1
287	97.9
21	.6431
111	49.0
287	44.9
3	17.9
254	19.0
57	30.2
196	32.0
254	35.5
168	28.0
29	48.7
291	42.0
1	33.1
230	33.4
142	28.3
359	36.8
93	68.3
125	-5.6
114
112	Cal Baptist	WAC	29	21-8
107.4
203	102.2
47	.6400
112	47.5
327	46.3
15	18.1
267	16.6
183	38.4
8	27.9
63	36.5
148	36.0
207	46.9
329	47.0
30	32.6
247	29.8
15	32.2
328	31.9
9	65.4
280	-3.0
80
113	Illinois Chicago
   (A) 206 Indiana St. (lost)	MVC	31	17-14
109.1
168	103.8
74	.6399
113	49.4
272	49.8
93	18.0
259	20.2
21	36.5
20	32.5
282	36.9
140	34.0
150	50.0
254	50.8
136	32.0
279	32.5
87	33.5
307	46.8
349	66.0
248	-8.4
183
114	Hawaii	BW	28	21-7
107.0
217	101.9
45	.6368
114	52.3
138	46.3
15	19.2
325	17.0
161	31.4
144	25.4
15	42.8
27	36.6
228	54.7
68	47.4
39	32.5
252	29.2
5	40.5
158	32.0
10	69.4
71	-3.3
87
115	Florida Atlantic
   (H) 177 Charlotte (won)	Amer	30	17-13
110.7
145	105.8
106	.6272
115	52.3
138	49.8
93	17.2
209	15.9
235	31.9
132	28.3
73	32.5
248	36.0
207	53.9
88	49.2
68	33.3
215	33.9
174	39.0
190	36.8
93	69.6
60	-7.2
156
116	Duquesne	A10	29	16-13
111.9
121	107.0
124	.6262
116	53.3
88	51.8
205	17.6
240	17.9
105	29.4
223	30.0
160	39.0
81	41.3
314	55.1
57	51.2
151	34.0
176	35.0
237	44.5
77	40.4
210	69.4
70	-6.5
137
117	North Dakota St.	Sum	31	24-7
112.7
111	108.3
158	.6124
117	53.7
75	52.4
231	15.8
116	18.7
72	33.7
73	26.5
27	30.5
300	28.7
43	53.5
105	53.4
248	36.0
62	34.1
183	42.7
121	43.3
299	66.2
237	-3.6
91
118	UNC Wilmington
   (H) 171 Charleston	CAA	29	25-4
111.4
131	107.2
130	.6084
118	50.8
207	47.3
27	14.4
36	15.1
282	34.7
52	26.5
27	43.7
17	30.3
63	49.2
278	49.6
83	35.7
81	29.5
10	38.3
203	42.4
276	64.6
320	-1.1
61
119	UNLV	MWC	29	15-14
115.2
83	110.9
215	.6073
119	53.0
107	53.0
259	16.8
183	17.8
111	31.3
154	31.4
218	42.3
33	47.2
357	53.5
105	51.7
184	34.7
141	36.8
331	35.3
264	36.5
89	69.9
45	-6.2
131
120	Washington St.	WCC	31	12-19
115.3
82	111.1
217	.6071
120	55.0
42	52.7
247	18.7
297	14.6
318	29.9
208	28.5
85	30.7
295	32.9
122	54.9
62	52.3
210	36.8
37	35.6
271	44.7
68	37.0
103	67.6
162	-10.6
235
121	UC San Diego	BW	30	21-9
107.4
204	103.4
69	.6068
121	52.9
112	48.0
42	16.3
148	16.7
179	26.7
304	27.2
46	31.7
264	30.6
73	54.7
68	48.0
45	33.7
193	32.0
62	42.6
125	42.9
287	67.4
176	-4.8
105
122	Memphis
   (A) 257 East Carolina (lost)	Amer	29	12-17
107.0
215	103.1
60	.6067
122	48.6
300	48.3
50	19.3
329	19.2
44	34.9
47	35.7
347	33.4
225	42.8
329	49.1
282	50.8
136	31.9
284	30.0
16	34.1
291	43.2
293	69.7
55	-8.6
191
123	UC Santa Barbara	BW	30	18-12
114.9
85	110.7
206	.6064
123	55.0
42	52.7
247	18.5
292	17.1
152	31.3
154	26.1
20	37.3
123	42.9
332	53.4
108	53.1
239	38.1
17	34.6
214	43.8
94	35.8
69	64.0
332	-7.6
162
124	Maryland
   (H) 136 Rutgers (lost)	B10	29	11-18
111.5
130	107.4
136	.6060
124	48.2
310	54.6
311	18.7
297	15.3
269	33.7
73	29.4
129	37.6
114	35.6
196	48.4
298	53.9
269	31.9
284	37.0
336	46.3
41	42.7
282	66.6
221	-5.3
111
125	Murray St.
   (A) 135 Bradley	MVC	30	20-10
116.1
72	111.9
232	.6049
125	54.3
63	51.9
208	16.6
167	16.1
220	33.5
80	31.1
203	38.2
100	31.4
87	56.2
47	50.9
142	34.7
141	36.5
319	45.2
59	27.5
2	71.4
17	-4.0
95
Rk	Team	Conf	G	Rec	AdjOE	AdjDE	Barthag	Efg%	EfgD%	TOR	TORD	ORB	DRB	FTR	FTRD	2P%	2P%D	3P%	3P%D	3PR	3PRD	Adj T.	WAB
126	UT Rio Grande Valley	Slnd	30	17-13
111.4
132	107.6
141	.5975
126	54.3
63	48.0
42	18.1
267	16.2
216	28.8
238	32.3
275	29.2
325	39.0
282	54.1
82	49.4
77	36.4
47	30.5
25	43.6
98	39.1
167	66.4
229	-7.7
167
127	Southern Illinois
   (A) 311 Evansville	MVC	30	15-15
102.4
297	99.1
29	.5952
127	49.3
274	48.9
64	17.3
219	18.7
72	30.0
204	27.6
55	32.4
251	31.6
92	52.3
159	51.2
151	27.8
364	30.4
20	28.8
357	40.9
233	69.2
82	-8.8
195
128	Penn St.	B10	29	12-17
115.9
77	112.0
234	.5950
128	53.3
88	58.1
363	15.3
74	18.1
98	27.0
295	31.5
221	33.2
231	27.0
19	56.2
47	58.6
353	32.4
255	38.3
360	38.0
212	43.9
314	67.3
177	-5.7
118
129	San Francisco	WCC	31	16-15
113.2
105	109.5
184	.5941
129	51.3
179	50.6
130	16.0
131	13.6
346	30.6
181	28.7
94	40.2
58	29.9
56	50.8
222	50.4
119	34.6
148	34.0
180	46.0
48	35.7
63	65.5
269	-6.4
133
130	Fresno St.	MWC	29	12-17
107.5
198	104.1
80	.5921
130	50.9
196	51.7
201	18.3
280	18.9
62	28.4
252	30.7
189	34.6
199	29.2
47	52.9
131	56.2
326	32.1
272	30.6
31	41.0
147	44.1
320	68.0
135	-9.3
215
131	UAB
   (H) 143 North Texas (lost)	Amer	29	18-11
108.2
180	105.0
91	.5863
131	47.9
315	49.5
83	12.8
3	16.3
203	32.6
105	27.1
42	37.0
135	28.6
42	50.5
231	50.4
119	28.1
360	32.1
72	31.1
341	38.9
157	69.0
90	-5.6
116
132	Wright St.	Horz	31	20-11
113.5
100	110.2
197	.5825
132	54.4
58	53.0
259	16.5
159	16.5
188	33.3
87	29.3
124	37.0
135	33.3
130	54.1
82	54.2
282	36.5
42	33.7
162	34.0
293	34.3
37	66.6
219	-6.9
149
133	Montana St.	BSky	30	17-13
110.6
146	107.7
142	.5773
133	53.3
88	51.4
178	15.0
60	15.9
235	27.3
291	28.7
94	31.2
282	30.1
61	53.2
121	51.2
151	35.7
81	34.6
214	44.6
72	34.4
38	65.9
260	-7.7
169
134	George Mason	A10	29	22-7
110.7
144	107.8
147	.5757
134	52.9
112	49.7
90	15.8
116	15.8
245	30.7
175	28.3
73	43.5
19	28.0
29	54.2
80	49.8
93	33.7
193	33.1
124	35.3
264	43.7
310	63.8
340	-2.2
74
135	Bradley
   (H) 125 Murray St.	MVC	30	19-11
111.1
135	108.4
160	.5695
135	51.0
192	52.3
226	13.9
20	19.4
39	27.3
291	28.3
73	34.7
195	37.5
247	48.7
291	51.5
171	36.3
50	35.7
278	41.3
144	40.6
218	67.3
180	-5.7
119
136	Rutgers
   (A) 124 Maryland (won)	B10	29	12-17
110.9
138	108.3
157	.5677
136	47.0
337	53.1
268	15.3
74	16.9
163	30.7
175	33.5
309	37.5
117	30.3
63	46.7
331	51.9
192	31.7
292	36.6
324	34.8
276	39.4
177	65.9
256	-5.7
117
137	Navy	Pat	31	25-6
106.5
230	104.2
81	.5625
137	53.3
88	47.4
28	17.0
199	18.1
98	31.4
144	26.6
31	39.6
68	26.2
12	53.0
128	50.2
110	36.0
62	29.3
6	33.1
315	45.6
341	65.1
294	-3.3
86
138	Boston College	ACC	29	10-19
104.7
255	102.5
52	.5604
138	47.2
333	48.9
64	15.6
101	14.8
309	28.4
252	29.4
129	31.7
264	34.6
165	48.9
285	50.0
102	29.9
344	31.4
46	42.4
130	38.1
137	65.4
279	-10.0
225
139	William & Mary	CAA	29	18-11
111.1
134	109.2
177	.5486
139	54.6
55	52.0
213	16.5
159	19.4
39	25.6
331	31.1
203	41.7
41	34.6
165	58.5
18	54.1
280	32.9
237	33.0
120	43.2
104	44.5
327	72.8
5	-6.5
136
140	Western Kentucky	CUSA	29	18-11
108.1
181	106.3
111	.5476
140	47.5
327	50.3
116	14.5
38	17.6
121	32.1
122	28.9
104	39.6
68	46.9
355	45.9
350	50.1
106	33.3
215	33.7
162	40.0
168	43.5
307	69.8
50	-6.2
130
141	Northern Colorado	BSky	30	19-11
112.1
115	110.4
198	.5455
141	55.9
29	50.0
102	16.1
137	12.2
364	27.6
279	24.8
7	27.8
346	39.1
283	58.2
22	52.1
201	35.1
111	30.7
33	41.6
140	34.9
48	68.1
132	-6.5
135
142	Arkansas St.	SB	31	20-11
110.7
142	109.0
171	.5447
142	51.8
160	50.0
102	19.9
344	14.9
299	37.9
11	27.1
42	39.4
73	37.0
235	53.7
96	50.8
136	33.0
234	32.6
96	44.7
68	38.0
130	72.2
8	-6.5
134
143	North Texas
   (A) 131 UAB (won)	Amer	30	17-13
104.1
265	102.6
53	.5416
143	46.4
343	48.8
61	17.3
219	21.4
9	34.2
63	32.8
292	38.6
92	44.5
346	47.7
316	50.1
106	29.1
351	31.1
38	32.4
325	37.5
116	64.7
313	-7.2
155
144	Toledo	MAC	29	16-13
114.3
93	112.6
245	.5416
144	53.5
85	54.1
299	14.7
46	18.0
101	30.1
201	34.3
322	32.6
245	27.1
21	53.0
128	55.3
309	36.3
50	35.0
237	32.1
330	39.5
182	68.1
130	-8.2
179
145	Loyola Marymount	WCC	31	15-16
107.2
212	105.8
107	.5365
145	52.1
144	49.0
66	17.6
240	16.6
183	26.5
309	31.9
250	31.3
279	32.4
113	51.8
178	47.3
36	35.0
116	34.7
219	40.9
151	35.9
73	67.1
189	-9.3
216
146	Eastern Washington	BSky	30	13-17
113.1
108	111.7
226	.5360
146	53.9
70	54.8
320	17.8
250	16.6
183	31.3
154	31.0
199	34.6
199	36.9
233	53.4
108	56.3
328	36.5
42	34.9
230	34.6
281	38.9
157	67.7
161	-10.8
240
147	Middle Tennessee	CUSA	29	15-14
110.4
151	109.2
174	.5318
147	51.6
173	51.2
165	16.8
183	14.8
309	30.5
186	27.8
62	31.7
264	36.5
225	52.9
131	51.2
151	33.3
215	34.2
188	45.0
63	35.9
73	65.2
289	-8.3
180
148	Rhode Island	A10	29	15-14
105.9
242	104.8
86	.5304
148	50.3
224	51.2
165	18.8
302	21.2
11	31.5
142	31.4
218	40.1
61	42.4
327	53.2
121	49.8
93	31.0
318	35.4
257	43.0
113	41.5
256	65.9
259	-8.1
177
149	Austin Peay	ASun	29	21-8
109.5
165	108.4
159	.5302
149	53.1
100	52.0
213	15.4
84	18.3
90	29.5
220	29.4
129	37.4
121	34.0
150	52.7
141	53.9
269	35.9
71	32.8
103	38.1
210	40.6
218	69.2
75	-4.6
103
150	Kennesaw St.	CUSA	29	18-11
111.1
136	110.0
191	.5278
150	51.0
192	49.2
76	16.9
189	16.1
220	35.6
33	30.1
163	43.8
16	48.2
360	50.7
226	46.9
28	34.3
160	35.2
248	43.9
93	38.7
150	71.3
20	-6.8
144
Rk	Team	Conf	G	Rec	AdjOE	AdjDE	Barthag	Efg%	EfgD%	TOR	TORD	ORB	DRB	FTR	FTRD	2P%	2P%D	3P%	3P%D	3PR	3PRD	Adj T.	WAB
151	Troy	SB	31	20-11
111.7
127	110.7
207	.5268
151	51.7
168	50.5
126	16.5
159	16.8
171	34.3
62	31.6
227	35.3
178	32.3
108	52.8
135	51.9
192	33.6
201	32.0
62	46.2
43	38.3
142	65.0
302	-6.4
132
152	Central Arkansas	ASun	31	20-11
110.0
157	109.0
172	.5266
152	53.7
75	55.1
324	15.4
84	19.0
57	28.6
244	26.8
34	31.4
275	29.9
56	55.0
58	56.8
341	34.9
124	35.6
271	49.0
19	52.1
364	67.8
150	-5.9
125
153	Valparaiso	MVC	31	17-14
108.9
172	107.9
149	.5260
153	47.7
323	50.7
136	15.5
95	16.9
163	32.3
116	30.1
163	39.0
81	35.5
193	46.0
348	51.8
186	33.8
187	32.6
96	36.8
232	37.2
111	65.0
303	-7.7
170
154	Bowling Green	MAC	30	17-13
106.5
231	105.7
103	.5222
154	51.9
153	51.0
153	16.7
175	18.6
77	28.6
244	26.8
34	37.1
130	38.0
260	52.0
170	51.5
171	34.5
153	33.5
151	34.6
281	42.3
274	67.9
137	-9.0
203
155	Cal St. Northridge	BW	30	18-12
109.0
169	108.2
156	.5218
155	51.3
179	51.4
178	17.4
225	16.5
188	32.1
122	26.6
31	35.4
174	34.9
177	51.9
174	51.3
160	33.3
215	34.3
196	32.2
328	48.5
359	73.4
2	-7.1
154
156	Harvard	Ivy	27	16-11
106.7
226	106.2
110	.5131
156	53.1
100	50.9
150	17.2
209	17.5
128	26.9
299	28.6
89	26.4
356	27.7
27	53.7
96	52.0
197	34.8
135	32.8
103	39.6
179	39.5
182	62.9
356	-6.8
146
157	Robert Morris	Horz	31	21-10
110.9
137	110.4
200	.5115
157	55.0
42	50.6
130	18.2
273	15.9
235	37.5
14	28.5
85	28.1
342	40.7
305	53.4
108	50.6
126	38.2
15	33.7
162	40.7
154	35.9
73	64.6
319	-6.0
127
158	Merrimack
   (A) 333 Niagara (won)	MAAC	31	21-10
108.3
179	108.1
152	.5063
158	49.6
261	47.0
22	15.0
60	19.8
29	24.7
344	40.2
365	40.0
63	38.2
268	50.2
244	47.6
41	32.6
247	30.5
25	46.3
41	32.5
16	63.3
349	-5.6
115
159	Montana	BSky	30	16-14
107.6
197	107.4
134	.5045
159	56.3
24	51.2
165	19.7
338	15.2
274	21.9
357	29.8
149	36.6
147	32.3
108	56.7
39	52.0
197	37.3
32	33.2
127	41.7
138	37.8
123	69.0
95	-9.1
204
160	Cornell	Ivy	26	14-12
119.2
53	119.0
342	.5042
160	58.0
10	55.8
340	16.3
148	15.2
274	29.9
208	30.2
170	31.4
275	37.1
238	58.9
16	55.4
313	38.1
17	37.6
346	51.2
9	38.1
137	71.5
16	-7.9
173
161	UC Davis	BW	29	17-12
109.0
170	108.9
169	.5040
161	52.5
134	52.6
244	18.2
273	19.7
30	26.9
299	30.6
183	41.5
42	38.0
260	52.3
159	52.9
231	35.3
101	34.7
219	43.1
107	38.9
157	68.4
119	-7.4
158
162	Temple
   (H) 214 Rice (lost)	Amer	29	15-14
111.8
126	111.7
225	.5034
162	50.0
235	50.8
146	13.7
16	15.5
258	30.2
196	31.1
203	42.0
38	35.4
189	49.9
262	52.0
197	33.5
208	32.5
87	35.9
254	35.9
73	64.7
309	-9.1
206
163	Portland St.	BSky	28	18-10
103.0
288	103.1
64	.4962
163	50.9
196	48.5
55	18.0
259	17.7
116	30.5
186	26.8
34	35.7
162	43.5
338	51.2
205	48.6
56	33.6
201	32.2
77	34.3
287	39.4
177	67.3
181	-5.8
123
164	Idaho	BSky	30	16-14
108.6
178	108.8
167	.4960
164	51.9
153	51.3
170	15.4
84	15.3
269	28.8
238	24.9
9	34.0
212	39.6
287	51.1
210	49.6
83	35.1
111	36.1
303	47.9
24	35.7
63	67.3
179	-9.8
222
165	Winthrop	BSth	31	21-10
111.2
133	111.4
220	.4955
165	50.4
220	51.4
178	14.7
46	17.2
142	34.5
58	28.6
89	43.6
18	38.8
279	49.9
262	53.4
248	34.0
176	32.5
87	44.6
72	43.2
293	69.4
69	-5.1
109
166	Richmond	A10	29	15-14
110.3
154	110.5
202	.4943
166	52.6
128	51.6
193	14.3
33	17.5
128	25.2
338	30.8
193	38.2
100	34.7
169	50.0
254	53.6
258	37.5
26	32.8
103	42.3
131	45.0
335	67.8
148	-8.6
190
167	Penn	Ivy	26	15-11
106.9
220	107.2
128	.4929
167	50.2
228	52.1
218	15.5
95	17.1
152	30.8
171	30.1
163	36.9
140	28.5
39	46.5
335	54.7
298	38.2
15	32.0
62	34.6
281	39.2
169	69.1
89	-6.6
141
168	East Tennessee St.	SC	31	21-10
108.9
171	109.2
175	.4923
168	55.1
39	50.7
136	15.1
66	18.5
82	28.7
242	27.0
41	34.7
195	36.4
220	56.7
39	51.9
192	34.9
124	32.9
111	37.5
225	47.5
355	66.0
251	-6.7
143
169	Kent St.	MAC	29	21-8
110.3
155	110.6
203	.4921
169	52.0
147	52.5
240	18.9
307	16.3
203	35.8
30	29.5
139	44.4
12	38.1
265	51.7
184	51.9
192	34.9
124	35.6
271	44.9
64	42.1
268	70.6
28	-3.5
90
170	Oregon St.	WCC	31	16-15
109.6
164	110.1
192	.4872
170	50.6
213	50.4
121	17.6
240	15.4
263	26.5
309	32.1
258	44.1
14	35.4
189	49.1
282	51.1
149	35.0
116	32.9
111	44.3
82	41.8
264	65.1
295	-7.7
168
171	Charleston
   (A) 118 UNC Wilmington	CAA	30	20-10
107.1
214	107.6
139	.4869
171	50.8
207	48.8
61	16.0
131	14.4
324	30.0
204	31.0
199	41.3
46	26.6
15	53.5
105	49.6
83	30.8
326	31.9
59	37.8
219	43.7
310	67.7
153	-5.8
121
172	Appalachian St.	SB	31	19-12
106.0
240	106.5
114	.4860
172	50.0
235	47.4
28	15.3
74	14.0
335	32.0
127	28.5
85	38.7
90	30.8
76	53.6
102	46.8
27	30.6
332	32.1
72	46.1
45	42.2
270	62.7
358	-8.3
181
173	Georgia Tech	ACC	29	11-18
107.2
213	107.7
144	.4854
173	50.0
235	49.9
99	18.4
286	15.8
245	30.4
189	31.0
199	32.7
242	33.9
146	48.4
298	49.7
87	35.4
98	33.5
151	32.8
318	44.6
328	70.7
27	-8.9
196
174	Oakland	Horz	31	16-15
114.3
92	114.9
289	.4850
174	52.8
117	54.7
315	14.8
50	15.2
274	31.2
159	34.6
326	39.0
81	23.8
3	53.3
115	56.9
342	34.5
153	34.4
201	33.5
307	41.6
258	69.8
48	-7.6
163
175	Fordham	A10	29	16-13
103.5
275	104.1
78	.4846
175	48.4
304	50.0
102	17.3
219	16.9
163	34.5
58	26.3
23	26.3
357	30.0
59	51.7
184	48.6
56	28.6
358	34.7
219	37.9
217	41.4
254	63.8
341	-8.1
176
Rk	Team	Conf	G	Rec	AdjOE	AdjDE	Barthag	Efg%	EfgD%	TOR	TORD	ORB	DRB	FTR	FTRD	2P%	2P%D	3P%	3P%D	3PR	3PRD	Adj T.	WAB
176	Green Bay	Horz	31	17-14
113.6
99	114.2
278	.4838
176	55.0
42	53.6
279	16.2
145	13.4
347	25.4
336	29.1
118	41.8
40	38.4
274	54.8
66	53.1
239	36.9
35	36.3
311	37.6
224	43.4
303	63.0
355	-8.9
198
177	Charlotte
   (A) 115 Florida Atlantic (lost)	Amer	29	15-14
113.1
109	113.8
269	.4829
177	53.7
75	51.3
170	18.2
273	14.2
331	33.9
70	31.7
236	37.2
126	38.2
268	54.0
85	51.2
151	35.6
86	34.2
188	44.2
85	40.5
213	63.4
347	-8.7
193
178	Massachusetts	MAC	30	15-15
110.3
153	111.1
218	.4799
178	53.1
100	52.7
247	18.0
259	17.2
142	32.7
100	26.4
26	36.7
144	45.8
352	52.5
151	54.6
293	36.2
56	33.4
142	35.8
256	42.5
280	70.0
41	-11.1
246
179	St. Bonaventure	A10	29	15-14
114.1
95	115.0
293	.4794
179	52.8
117	54.3
304	16.7
175	17.3
138	34.6
56	29.2
122	28.4
337	33.0
124	51.1
210	53.6
258	37.6
25	36.9
335	31.7
332	41.1
243	66.8
207	-8.4
184
180	New Orleans	Slnd	30	14-16
110.0
158	111.3
219	.4655
180	49.9
247	48.6
59	20.7
352	14.6
318	35.5
37	34.9
335	46.3
3	40.0
297	50.9
218	49.1
64	32.0
279	31.9
59	34.2
289	40.1
203	69.6
61	-8.9
197
181	Monmouth	CAA	30	16-14
105.8
243	107.2
129	.4634
181	49.3
274	49.9
99	17.0
199	19.5
35	31.7
138	32.2
267	32.8
239	32.3
108	47.7
316	49.4
77	34.9
124	33.8
170	34.5
284	38.6
148	66.9
202	-9.7
219
182	UT Arlington	WAC	28	15-13
102.3
299	103.8
73	.4601
182	47.8
321	47.7
34	20.9
355	18.0
101	34.7
52	30.4
176	41.5
42	41.0
309	49.6
270	50.6
126	29.3
348	27.6
1	31.4
334	31.6
8	65.0
296	-7.8
172
183	Weber St.	BSky	30	16-14
112.0
117	113.6
264	.4582
183	52.0
147	54.0
296	15.6
101	16.4
197	32.2
119	27.6
55	39.8
65	36.4
220	51.6
190	56.6
337	35.2
107	33.3
133	32.7
322	38.9
157	68.4
117	-9.2
211
184	Utah Tech	WAC	31	18-13
110.7
143	112.3
240	.4579
184	53.0
107	50.3
116	17.5
231	16.9
163	28.2
259	34.5
324	28.9
331	33.0
124	53.3
115	53.6
258	35.0
116	29.4
7	38.3
203	34.6
41	66.0
249	-6.8
147
185	New Mexico St.	CUSA	28	13-15
110.5
149	112.2
237	.4562
185	49.3
274	49.5
83	15.0
60	14.7
315	32.5
110	29.4
129	33.0
234	43.8
339	49.2
278	49.7
87	33.0
234	32.9
111	40.0
168	42.2
270	66.5
223	-10.9
243
186	FIU	CUSA	29	14-15
107.8
190	109.5
183	.4550
186	50.5
215	53.0
259	17.5
231	20.1
23	32.6
105	35.4
343	39.6
68	35.2
185	49.3
276	52.2
207	35.2
107	36.0
298	33.6
304	44.9
332	71.8
12	-9.7
221
187	Northern Kentucky	Horz	31	18-13
107.8
189	109.5
185	.4541
187	52.9
112	54.0
296	16.7
175	19.2
44	31.8
135	32.2
267	35.2
182	37.6
249	55.9
51	53.6
258	32.9
237	36.5
319	45.3
58	38.2
140	69.5
63	-9.1
207
188	South Alabama	SB	31	21-10
106.8
223	108.5
163	.4539
188	52.6
128	49.2
76	13.1
6	18.2
95	24.5
345	31.5
221	39.0
81	25.1
6	53.6
102	50.6
126	33.9
183	32.2
77	36.8
232	63.7
365	64.5
322	-6.6
139
189	Texas A&M Corpus Chris	Slnd	30	16-14
103.2
284	105.0
93	.4498
189	48.4
304	50.2
109	18.8
302	19.5
35	30.5
186	28.9
104	42.6
28	47.3
358	47.4
324	51.6
180	33.7
193	31.8
58	30.9
342	34.7
44	66.3
231	-8.5
186
190	Youngstown St.	Horz	31	15-16
107.5
201	109.4
181	.4485
190	54.2
67	52.1
218	18.9
307	17.6
121	30.6
181	30.4
176	31.6
271	36.3
217	57.1
37	51.8
186	34.2
168	35.0
237	49.5
17	34.1
31	67.1
187	-12.0
262
191	Tulane
   (A) 53 South Florida (lost)	Amer	29	17-12
107.2
211	109.3
179	.4457
191	49.9
247	50.4
121	16.1
137	17.2
142	22.4
351	35.4
343	45.3
9	37.4
246	51.3
200	49.9
97	32.1
272	34.0
180	44.7
68	40.3
206	66.8
209	-6.9
148
192	Jacksonville St.	CUSA	29	14-15
107.3
209	109.4
180	.4444
192	50.2
228	50.2
109	16.8
183	16.3
203	29.4
223	28.4
78	42.9
25	37.6
249	47.8
314	50.2
110	36.0
62	33.4
142	39.0
190	43.8
312	64.7
315	-11.2
251
193	Missouri St.	CUSA	29	13-16
108.7
175	110.9
212	.4427
193	50.0
235	52.4
231	17.2
209	17.5
128	32.8
96	31.7
236	44.4
12	41.1
312	51.2
205	52.1
201	32.3
260	35.4
257	41.0
147	36.4
86	65.4
275	-11.6
254
194	Howard	MEAC	29	19-10
103.2
282	105.4
98	.4393
194	50.0
235	47.2
25	19.9
344	21.2
11	36.2
27	32.1
258	42.1
36	39.8
290	49.6
270	48.0
45	34.0
176	30.5
25	33.6
304	34.9
48	69.0
93	-7.0
151
195	Mercer	SC	31	19-12
112.0
116	114.5
284	.4373
195	53.3
88	52.9
256	15.3
74	16.8
171	32.8
96	32.1
258	39.5
72	29.8
54	53.3
115	51.5
171	35.5
89	36.5
319	39.4
186	42.1
268	68.9
100	-7.5
161
196	Campbell	CAA	30	13-17
110.4
151	112.9
250	.4366
196	49.1
284	54.9
322	17.2
209	17.3
138	33.0
93	31.7
236	41.1
48	37.2
241	49.7
266	54.6
293	32.0
279	37.0
336	37.1
230	30.0
5	69.5
65	-10.4
232
197	Portland	WCC	31	13-18
106.8
222	109.3
178	.4344
197	51.2
183	53.6
279	19.8
340	17.5
128	27.9
269	32.3
275	34.8
192	33.0
124	54.7
68	52.0
197	29.9
344	37.0
336	36.1
248	45.7
343	68.3
121	-10.2
228
198	Drexel	CAA	30	16-14
103.3
280	105.8
105	.4331
198	50.9
196	46.9
21	18.9
307	16.2
216	31.0
163	30.4
176	30.9
289	35.8
200	50.0
254	47.2
35	34.9
124	30.9
36	39.8
173	34.0
30	64.1
331	-10.5
233
199	Marist
   (H) 228 Saint Peter's (lost)	MAAC	29	18-11
100.0
328	102.4
50	.4317
199	49.5
266	45.8
11	16.5
159	19.7
30	28.4
252	27.9
63	25.7
361	37.2
241	50.7
226	48.0
45	31.6
298	28.2
2	35.3
264	37.2
111	65.9
255	-8.5
185
200	Furman	SC	31	19-12
106.0
238	108.6
165	.4304
200	54.4
58	49.5
83	18.1
267	13.4
347	31.0
163	28.1
67	31.6
271	28.0
29	59.6
11	50.0
102	32.3
260	32.5
87	46.9
33	42.0
266	65.7
261	-9.0
202
Rk	Team	Conf	G	Rec	AdjOE	AdjDE	Barthag	Efg%	EfgD%	TOR	TORD	ORB	DRB	FTR	FTRD	2P%	2P%D	3P%	3P%D	3PR	3PRD	Adj T.	WAB
201	Columbia	Ivy	27	16-11
108.1
184	110.9
210	.4275
201	53.8
72	50.7
136	19.6
335	15.0
289	36.3
23	27.5
52	29.1
327	33.5
133	53.4
108	49.9
97	36.3
50	34.8
227	38.0
212	35.7
63	66.4
225	-7.1
152
202	Towson	CAA	30	16-14
102.6
295	105.4
100	.4229
202	46.0
348	49.2
76	16.1
137	15.2
274	35.4
38	28.2
69	30.6
299	30.5
69	48.2
306	50.7
132	28.0
363	31.5
49	35.4
261	41.2
249	63.5
345	-8.5
188
203	Marshall	SB	31	19-12
113.3
103	116.4
305	.4219
203	54.9
48	50.5
126	16.5
159	16.3
203	32.0
127	33.5
309	29.1
327	41.0
309	54.7
68	50.3
116	36.7
39	33.8
170	44.3
82	39.6
188	69.2
78	-7.7
166
204	Siena
   (H) 356 Rider (won)	MAAC	31	20-11
107.7
194	110.8
209	.4192
204	51.0
192	49.7
90	15.9
125	17.6
121	31.4
144	28.9
104	33.7
221	28.2
34	53.7
96	49.7
87	30.0
341	33.1
124	31.6
333	39.3
174	64.6
318	-8.0
174
205	La Salle
   (A) 96 Davidson (lost)	A10	29	8-21
104.0
268	107.0
126	.4171
205	45.1
358	54.4
309	18.9
307	17.5
128	33.1
90	31.2
209	37.7
111	31.5
88	44.8
355	54.9
304	30.4
337	35.8
285	31.2
339	42.4
276	65.0
299	-13.5
291
206	Indiana St.
   (H) 113 Illinois Chicago (won)	MVC	31	11-20
106.7
227	109.9
190	.4167
206	52.8
117	50.4
121	19.4
332	14.9
299	25.8
329	31.5
221	28.1
342	28.4
37	57.4
33	52.3
210	31.6
298	31.1
38	45.4
56	34.2
35	68.2
127	-14.0
298
207	Detroit Mercy	Horz	29	15-14
109.6
162	113.0
252	.4142
207	49.6
261	53.0
259	16.2
145	14.3
327	33.4
84	30.7
189	32.3
255	37.8
255	48.3
302	54.2
282	35.0
116	34.2
188	31.3
337	43.4
303	69.0
94	-9.2
212
208	Cal St. Fullerton	BW	30	15-15
108.7
174	112.1
235	.4137
208	51.8
160	55.4
333	15.2
70	19.1
49	25.0
339	28.8
101	38.6
92	35.8
200	51.8
178	57.6
345	34.5
153	35.3
251	41.8
136	46.8
349	72.6
6	-9.3
214
209	James Madison	SB	31	17-14
109.2
167	112.7
246	.4108
209	52.8
117	49.1
72	17.2
209	13.0
355	30.6
181	29.7
145	35.4
174	40.5
304	52.1
167	49.2
68	35.8
74	32.7
99	43.6
98	39.3
174	65.3
285	-9.6
218
210	Queens	ASun	31	18-13
114.7
87	118.5
334	.4086
210	56.6
18	54.7
315	14.8
50	15.0
289	30.6
181	32.8
292	36.7
144	39.9
294	59.7
10	54.7
298	35.3
101	36.5
319	46.8
36	39.6
188	69.3
74	-7.4
160
211	Tarleton St.	WAC	30	14-16
104.0
266	107.5
138	.4076
211	48.6
300	53.7
284	20.2
347	23.5
3	31.4
144	35.5
345	40.4
53	45.5
351	48.5
295	54.2
282	32.4
255	35.4
257	24.3
365	40.7
223	69.4
67	-10.2
229
212	Quinnipiac
   (A) 345 Canisius (won)	MAAC	31	19-12
103.9
269	107.7
146	.3974
212	48.3
307	49.0
66	15.8
116	17.5
128	34.0
68	31.8
243	33.3
230	30.6
73	47.1
326	47.5
40	33.8
187	34.5
210	33.7
301	35.7
63	69.7
54	-7.8
171
213	Bethune Cookman	SWAC	30	17-13
104.3
263	108.2
154	.3969
213	51.1
187	49.7
90	19.1
321	15.9
235	30.2
196	31.3
215	40.4
53	38.5
275	51.5
192	50.2
110	33.5
208	32.4
81	30.5
350	33.4
21	68.9
101	-6.7
142
214	Rice
   (A) 162 Temple (won)	Amer	29	12-17
109.7
161	113.9
273	.3934
214	48.8
296	51.6
193	18.1
267	16.0
227	34.7
52	34.6
326	35.0
187	40.8
307	46.1
345	51.4
166	34.9
124	34.7
219	43.1
107	35.5
58	65.5
273	-11.6
255
215	UMBC	AE	28	20-8
106.0
236	110.1
194	.3932
215	53.1
100	49.8
93	14.2
29	14.9
299	24.1
346	25.1
12	33.4
225	25.6
9	53.9
88	49.7
87	34.5
153	33.3
133	38.0
212	36.9
98	65.7
263	-5.3
112
216	Drake
   (H) 82 Northern Iowa	MVC	30	12-18
110.1
156	114.4
282	.3923
216	51.7
168	52.9
256	14.8
50	14.8
309	26.4
314	29.3
124	33.9
215	33.5
133	51.4
196	50.6
126	34.7
141	37.3
344	44.5
77	43.3
299	67.1
188	-12.7
272
217	Stony Brook	CAA	30	17-13
105.5
248	109.7
188	.3886
217	50.2
228	50.2
109	16.9
189	17.2
142	28.1
264	31.8
243	28.8
332	33.0
124	48.6
293	48.3
53	34.7
141	35.3
251	46.1
45	40.1
203	65.9
254	-9.0
201
218	Buffalo	MAC	29	16-13
111.8
124	116.4
304	.3875
218	55.1
39	54.8
320	16.1
137	18.3
90	27.5
285	31.6
227	40.5
51	31.8
96	53.7
96	56.7
339	37.9
21	34.9
230	45.4
56	42.9
287	66.4
227	-9.2
210
219	South Dakota St.	Sum	31	14-17
107.7
193	112.2
238	.3856
219	52.4
136	51.5
185	16.0
131	14.6
318	29.9
208	25.3
14	30.0
311	33.9
146	52.7
141	52.3
210	34.6
148	33.7
162	38.6
199	46.7
348	66.9
200	-12.2
265
220	Lipscomb	ASun	31	19-12
106.5
232	110.9
214	.3843
220	54.3
63	53.0
259	16.0
131	17.8
111	26.3
317	29.9
153	26.1
358	29.4
50	54.6
73	54.0
275	36.0
62	34.4
201	47.6
28	40.3
206	69.5
66	-6.9
150
221	San Jose St.	MWC	29	8-21
111.5
128	116.2
302	.3834
221	49.2
278	57.4
360	15.8
116	17.7
116	29.3
225	35.7
347	32.7
242	35.7
198	46.4
339	59.8
363	35.9
71	35.8
285	38.7
197	39.8
194	64.7
310	-12.4
267
222	San Diego	WCC	31	11-20
108.8
173	113.4
261	.3828
222	51.5
174	55.3
330	17.4
225	19.1
49	27.8
272	35.1
338	25.4
363	39.6
287	51.2
205	58.8
357	34.6
148	33.4
142	43.5
100	40.5
213	68.5
115	-13.1
283
223	Coastal Carolina	SB	31	19-12
102.7
294	107.1
127	.3806
223	47.9
315	46.2
13	15.1
66	12.4
362	26.7
304	27.4
51	31.6
271	35.1
179	46.0
348	45.0
9	33.7
193	32.4
81	42.6
125	35.4
57	67.0
193	-8.1
175
224	Western Carolina	SC	29	14-15
110.6
147	115.6
299	.3775
224	50.8
207	55.2
327	16.5
159	14.7
315	34.4
61	26.3
23	30.9
289	38.0
260	50.9
218	55.3
309	33.9
183	36.7
329	40.6
156	44.1
320	67.9
140	-9.9
224
225	Ohio	MAC	29	15-14
107.5
200	112.4
242	.3729
225	51.0
192	52.6
244	15.9
125	16.8
171	28.6
244	32.9
296	36.1
156	36.1
211	54.5
75	51.3
160	30.2
339	36.8
331	37.7
221	33.2
19	68.5
114	-9.2
213
Rk	Team	Conf	G	Rec	AdjOE	AdjDE	Barthag	Efg%	EfgD%	TOR	TORD	ORB	DRB	FTR	FTRD	2P%	2P%D	3P%	3P%D	3PR	3PRD	Adj T.	WAB
226	Denver	Sum	31	15-16
115.9
76	121.4
353	.3700
226	53.7
75	56.0
342	14.0
24	13.0
355	29.9
208	33.0
302	33.2
231	36.8
232	52.5
151	56.7
339	37.1
33	36.6
324	38.5
200	37.0
103	67.8
143	-10.1
226
227	Cal Poly	BW	30	13-17
108.7
176	113.9
272	.3694
227	51.9
153	53.9
290	20.5
350	16.3
203	29.5
220	29.9
153	35.8
161	33.7
142	53.7
96	54.8
302	33.6
201	35.1
242	53.4
3	41.7
260	73.7
1	-11.2
249
228	Saint Peter's
   (A) 199 Marist (won)	MAAC	28	17-11
104.4
262	109.4
182	.3671
228	46.5
342	48.0
42	17.5
231	20.1
23	37.1
15	34.1
318	35.6
165	46.9
355	46.5
335	48.1
50	31.0
318	32.0
62	38.9
193	35.8
69	65.3
282	-7.6
164
229	Texas St.	SB	31	19-12
104.6
259	109.7
187	.3669
229	50.0
235	51.9
208	18.7
297	18.6
77	33.7
73	28.7
94	34.0
212	37.9
257	50.5
231	50.9
142	32.2
266	35.7
278	25.1
364	38.1
137	66.0
250	-8.9
199
230	Eastern Michigan	MAC	29	10-19
102.6
296	107.9
148	.3604
230	49.7
256	50.4
121	17.5
231	15.8
245	28.2
259	29.3
124	29.3
324	35.1
179	49.7
266	51.2
151	33.2
223	32.5
87	32.3
326	35.6
61	66.1
245	-13.0
279
231	LIU	NEC	31	21-10
103.8
270	109.2
176	.3584
231	53.2
96	50.0
102	19.5
334	19.2
44	34.7
52	33.0
302	33.4
225	34.0
150	52.8
135	51.0
145	36.1
58	32.1
72	29.3
355	33.6
24	68.0
136	-5.9
124
232	Southern Miss	SB	31	16-15
103.1
285	108.7
166	.3541
232	49.0
287	51.5
185	19.0
315	17.9
105	32.0
127	28.3
73	42.4
31	42.8
329	51.3
200	50.4
119	29.1
351	35.5
266	29.8
354	41.1
243	68.5
108	-10.6
234
233	Tennessee St.	OVC	30	21-9
107.7
192	113.7
265	.3502
233	49.5
266	51.9
208	16.4
153	20.2
21	34.5
58	30.1
163	34.7
195	42.8
329	50.2
244	52.4
215	31.9
284	33.9
174	30.0
352	35.5
58	70.1
39	-5.7
120
234	Old Dominion	SB	31	11-20
106.1
234	112.1
236	.3480
234	50.1
233	50.6
130	15.6
101	14.6
318	25.9
326	30.7
189	34.3
205	40.9
308	49.2
278	52.3
210	34.5
153	31.6
53	36.0
251	35.8
69	68.9
96	-14.6
311
235	Lamar	Slnd	30	12-18
104.5
260	110.4
199	.3478
235	48.2
310	50.7
136	17.9
254	17.2
142	35.6
33	29.4
129	28.2
340	44.2
345	47.2
325	49.2
68	33.5
208	35.4
257	33.9
296	37.6
118	65.0
300	-13.3
287
236	Samford	SC	31	18-13
108.0
186	114.1
277	.3467
236	52.8
117	51.7
201	13.3
9	13.1
354	25.5
333	25.7
18	42.2
35	32.8
119	52.7
141	50.5
123	35.3
101	35.9
293	45.5
54	36.0
78	67.0
196	-8.9
200
237	Central Michigan	MAC	29	10-19
107.3
210	113.4
259	.3458
237	51.7
168	53.4
275	18.0
259	16.9
163	29.6
217	34.3
322	32.4
251	40.0
297	52.3
159	53.5
253	33.6
201	35.5
266	34.3
287	37.8
123	66.8
208	-13.8
296
238	Nebraska Omaha	Sum	31	15-16
107.3
208	113.4
260	.3450
238	52.8
117	53.4
275	16.3
148	14.3
327	26.3
317	28.4
78	34.5
202	33.5
133	52.9
131	56.4
332	35.1
111	33.2
127	40.4
162	45.5
339	67.2
185	-11.7
257
239	Abilene Christian	WAC	29	13-16
101.4
312	107.4
133	.3415
239	47.6
325	56.9
353	20.9
355	23.8
2	32.3
116	29.0
111	39.4
73	52.5
364	47.5
320	55.4
313	31.9
284	40.2
365	32.8
318	30.9
6	66.6
216	-10.4
230
240	Louisiana Tech	CUSA	29	16-13
100.7
323	106.6
116	.3414
240	46.6
339	49.0
66	19.1
321	17.9
105	35.8
30	31.6
227	35.3
178	36.4
220	48.8
288	46.7
26	28.1
360	34.4
201	33.1
315	45.7
343	64.0
334	-9.2
208
241	Iona
   (A) 331 Manhattan (won)	MAAC	31	18-13
103.6
271	109.7
189	.3409
241	51.9
153	48.5
55	17.4
225	16.8
171	27.6
279	31.3
215	29.4
320	28.4
37	50.8
222	50.5
123	35.5
89	30.4
20	45.8
49	40.0
200	69.0
92	-9.5
217
242	Radford	BSth	31	16-15
107.0
218	113.5
262	.3369
242	51.7
168	52.9
256	17.2
209	18.5
82	29.3
225	32.2
267	42.0
38	40.7
305	52.5
151	52.8
228	33.8
187	35.3
251	45.6
53	38.3
142	70.4
31	-10.9
241
243	Princeton	Ivy	28	9-19
106.6
229	113.1
255	.3362
243	49.8
250	52.0
213	16.9
189	14.4
324	27.7
277	28.4
78	35.0
187	33.8
143	48.5
295	55.8
319	34.3
160	31.2
40	44.1
87	41.6
258	63.5
346	-14.5
309
244	Elon	CAA	30	14-16
110.8
139	117.7
319	.3329
244	52.9
112	53.8
288	15.4
84	16.2
216	32.2
119	33.7
313	33.5
223	34.7
169	53.4
108	53.4
248	34.9
124	36.3
311	42.7
121	44.3
326	66.7
214	-11.6
253
245	Boston University	Pat	31	15-16
111.9
122	118.9
339	.3326
245	57.4
14	53.9
290	17.6
240	13.3
349	28.0
266	26.6
31	32.1
258	30.4
67	56.6
41	52.7
222	39.0
8	37.0
336	44.3
82	41.7
260	63.1
353	-13.1
281
246	American	Pat	31	16-15
105.4
249	112.0
233	.3302
246	51.3
179	53.9
290	15.7
108	19.1
49	26.5
309	29.4
129	29.1
327	43.4
336	52.7
141	54.7
298	33.2
223	34.9
230	46.9
33	37.1
107	66.6
217	-10.9
242
247	Southeast Missouri St.	OVC	31	19-12
102.2
302	108.8
168	.3267
247	50.4
220	49.5
83	17.0
199	18.2
95	29.6
217	27.2
46	39.4
73	47.5
359	52.3
159	49.1
64	31.3
305	33.5
151	36.1
248	34.1
31	69.1
87	-8.3
182
248	Nicholls St.	Slnd	30	13-17
106.0
237	113.0
253	.3245
248	51.1
187	54.7
315	16.9
189	20.7
18	26.9
299	34.2
320	34.5
202	38.1
265	51.3
200	56.3
328	33.8
187	34.7
219	44.0
89	38.0
130	68.4
118	-11.3
252
249	SIU Edwardsville	OVC	31	19-12
99.2
337	105.7
104	.3244
249	49.6
261	45.3
6	18.0
259	17.1
152	29.9
208	31.8
243	30.5
300	34.6
165	48.2
306	45.3
10	34.7
141	30.2
19	35.7
258	39.1
167	64.3
327	-9.7
220
250	Tennessee Martin	OVC	31	21-10
98.7
345	105.2
94	.3242
250	49.0
287	45.7
9	21.5
357	19.9
26	37.1
15	31.8
243	38.5
95	37.0
235	51.8
178	46.6
24	30.5
333	29.4
7	46.9
33	39.6
188	64.3
326	-7.3
157
Rk	Team	Conf	G	Rec	AdjOE	AdjDE	Barthag	Efg%	EfgD%	TOR	TORD	ORB	DRB	FTR	FTRD	2P%	2P%D	3P%	3P%D	3PR	3PRD	Adj T.	WAB
251	Colgate	Pat	31	17-14
107.6
196	114.7
285	.3229
251	53.0
107	51.9
208	14.9
56	15.5
258	26.7
304	29.8
149	29.5
318	33.6
137	52.5
151	51.9
192	36.0
62	34.5
210	34.8
276	41.8
264	66.8
210	-9.2
209
252	Southern	SWAC	29	13-16
105.8
245	113.1
257	.3169
252	48.9
291	53.7
284	16.7
175	19.0
57	31.0
163	32.1
258	39.9
64	44.5
346	47.7
316	53.0
236	34.1
172	36.6
324	32.7
322	38.7
150	70.0
42	-10.4
231
253	Southern Utah	WAC	29	10-19
106.3
233	113.7
267	.3162
253	50.5
215	53.6
279	20.6
351	15.0
289	29.2
230	33.2
306	32.7
242	28.8
45	50.4
236	51.6
180	33.8
187	38.8
363	35.0
272	29.9
4	70.2
38	-13.2
285
254	Dartmouth	Ivy	26	11-15
105.3
250	112.8
249	.3123
254	51.8
160	51.6
193	17.8
250	13.8
340	23.8
347	30.2
170	37.2
126	31.1
80	49.3
276	52.4
215	36.3
50	33.6
155	48.9
20	38.4
145	69.2
79	-10.8
238
255	Charleston Southern	BSth	31	15-16
105.3
251	112.8
248	.3120
255	54.3
63	47.2
25	19.0
315	12.9
359	30.0
204	30.3
173	30.3
303	43.3
335	54.9
62	46.6
24	35.8
74	32.2
77	49.8
16	31.2
7	71.3
18	-12.5
268
256	Pepperdine	WCC	31	9-22
105.7
247	113.3
258	.3103
256	47.9
315	54.2
300	18.5
292	16.5
188	28.6
244	34.0
317	34.2
207	28.2
34	48.3
302	55.0
306	31.5
301	35.3
251	39.2
189	40.7
223	68.1
131	-14.5
307
257	East Carolina
   (H) 122 Memphis (won)	Amer	29	11-18
103.5
276	110.9
213	.3101
257	46.6
339	51.6
193	16.8
183	16.7
179	32.7
100	32.8
292	39.3
76	32.1
104	47.9
312	51.3
160	29.1
351	34.7
219	30.9
342	39.4
177	68.4
116	-12.5
269
258	Fairfield
   (H) 273 Mount St. Mary's (lost)	MAAC	31	19-12
107.0
216	114.8
286	.3077
258	49.2
278	51.3
170	15.5
95	16.5
188	35.7
32	28.9
104	28.3
339	30.0
59	48.8
288	51.4
166	33.2
223	34.1
183	35.4
261	36.2
80	67.0
194	-9.1
205
259	Florida Gulf Coast	ASun	31	14-17
106.1
235	113.8
270	.3076
259	52.2
142	53.9
290	16.0
131	16.4
197	30.9
169	29.1
118	30.3
303	39.6
287	52.7
141	53.7
263	34.3
160	36.1
303	38.4
201	46.3
346	67.7
152	-12.7
271
260	Purdue Fort Wayne	Horz	31	17-14
105.9
241	113.7
266	.3065
260	52.8
117	56.2
346	14.6
44	19.3
42	22.6
349	35.0
336	31.1
285	28.1
32	53.6
102	55.4
313	34.6
148	38.1
355	45.5
54	44.2
324	67.8
149	-8.6
189
261	Idaho St.	BSky	30	12-18
110.0
159	118.1
329	.3064
261	52.3
138	54.7
315	17.0
199	15.2
274	32.7
100	29.1
118	37.3
123	36.2
214	53.1
123	56.1
322	34.2
168	34.9
230	42.1
134	37.4
114	64.6
317	-12.5
270
262	Georgia Southern	SB	31	16-15
107.8
191	115.7
300	.3057
262	50.0
235	52.1
218	14.5
38	18.7
72	28.6
244	34.7
331	39.8
65	41.6
321	51.9
174	53.0
236	32.0
279	33.7
162	47.7
27	38.6
148	70.7
26	-11.8
259
263	Long Beach St.	BW	30	9-21
104.6
257	112.4
241	.3043
263	50.4
220	54.3
304	17.9
254	17.7
116	26.5
309	28.7
94	30.1
308	42.2
323	51.5
192	55.0
306	32.2
266	35.4
257	35.0
272	34.9
48	68.0
134	-15.3
319
264	Wofford	SC	31	19-12
109.6
163	117.8
322	.3042
264	52.6
128	53.9
290	13.7
16	15.0
289	30.2
196	28.9
104	36.5
148	36.2
214	52.8
135	53.5
253	34.8
135	36.4
316	43.2
104	37.6
118	67.7
151	-8.6
192
265	UC Riverside	BW	31	10-21
102.9
291	110.6
204	.3032
265	49.1
284	52.3
226	19.3
329	15.5
258	27.8
272	30.0
160	35.1
184	40.1
301	50.4
236	53.3
243	31.3
305	33.4
142	38.4
201	32.1
11	68.3
124	-14.9
315
266	UNC Asheville	BSth	30	14-16
104.0
267	111.9
231	.3014
266	50.9
196	51.6
193	17.4
225	15.7
251	30.1
201	31.0
199	38.6
92	38.0
260	50.0
254	52.6
221	35.1
111	33.3
133	33.1
315	38.2
140	64.5
321	-12.0
261
267	Vermont	AE	30	19-11
105.8
246	113.9
274	.2998
267	53.2
96	50.7
136	14.4
36	14.3
327	26.2
321	22.9
2	30.7
295	37.1
238	55.5
53	49.0
62	33.6
201	35.4
257	44.6
72	40.9
233	64.8
306	-8.7
194
268	Milwaukee	Horz	31	12-19
106.7
225	115.0
292	.2982
268	50.2
228	55.4
333	15.4
84	15.9
235	33.3
87	29.4
129	32.1
258	35.8
200	51.0
213	55.8
319	32.6
247	36.5
319	38.2
205	40.4
210	67.5
170	-12.9
275
269	Delaware	CUSA	29	9-20
106.7
228	114.9
291	.2979
269	53.7
75	51.2
165	18.0
259	14.0
335	21.0
362	30.8
193	31.3
279	31.1
80	52.3
159	50.6
126	36.9
35	34.6
214	45.7
51	43.8
312	62.6
360	-15.3
321
270	Longwood	BSth	31	16-15
103.4
277	111.7
224	.2926
270	50.0
235	53.7
284	19.3
329	19.9
26	34.1
65	28.1
67	40.8
49	41.0
309	51.0
213	56.2
326	32.0
279	33.6
155	34.8
276	42.4
276	68.3
123	-11.9
260
271	Lindenwood	OVC	31	17-14
101.5
310	110.1
193	.2815
271	48.8
296	49.6
88	18.9
307	18.5
82	32.9
95	31.8
243	37.0
135	37.9
257	50.6
228	49.7
87	30.0
341	33.0
120	31.2
339	33.3
20	72.2
9	-10.2
227
272	Sacramento St.	BSky	29	9-20
107.4
206	116.6
306	.2789
272	47.2
333	56.1
344	14.2
29	17.1
152	25.9
326	33.7
313	41.4
45	36.4
220	46.7
331	57.1
343	32.1
272	36.4
316	35.8
256	43.2
293	71.7
14	-14.3
303
273	Mount St. Mary's
   (A) 258 Fairfield (won)	MAAC	31	15-16
99.8
331	108.4
162	.2768
273	51.1
187	47.4
28	22.6
364	15.4
263	31.9
132	29.0
111	33.6
222	37.6
249	52.6
149	46.3
18	32.8
243	32.5
87	43.0
113	44.9
332	67.8
146	-11.7
256
274	South Dakota	Sum	31	16-15
105.0
252	114.3
279	.2731
274	50.4
220	54.6
311	16.8
183	16.1
220	28.4
252	30.5
180	45.6
6	30.9
77	51.4
196	55.6
316	32.4
255	34.9
230	35.6
259	29.6
3	69.9
46	-10.8
239
275	Western Michigan	MAC	29	10-19
108.1
183	117.8
321	.2716
275	50.0
235	54.3
304	17.0
199	13.3
349	30.7
175	29.0
111	32.2
256	37.9
257	48.4
298	54.8
302	35.3
101	35.8
285	35.4
261	44.2
324	67.7
159	-13.7
294
Rk	Team	Conf	G	Rec	AdjOE	AdjDE	Barthag	Efg%	EfgD%	TOR	TORD	ORB	DRB	FTR	FTRD	2P%	2P%D	3P%	3P%D	3PR	3PRD	Adj T.	WAB
276	UTEP	CUSA	29	10-19
102.2
301	111.5
221	.2703
276	48.3
307	52.4
231	17.5
231	17.8
111	26.9
299	32.9
296	32.2
256	41.4
316	46.4
339	52.7
222	34.0
176	34.6
214	40.6
156	37.8
123	64.7
311	-14.0
297
277	Brown	Ivy	26	9-17
98.7
343	107.7
143	.2686
277	48.6
300	51.3
170	18.9
307	18.9
62	28.9
234	29.9
153	28.0
344	38.0
260	50.2
244	52.3
210	30.5
333	33.3
133	36.4
241	43.2
293	66.4
228	-13.6
292
278	Incarnate Word	Slnd	30	12-18
107.8
188	117.8
323	.2661
278	50.0
235	54.3
304	17.5
231	15.8
245	32.6
105	31.9
250	34.7
195	42.2
323	47.1
326	56.3
328	36.4
47	33.7
162	38.9
193	35.1
52	65.4
276	-13.1
282
279	North Dakota	Sum	32	16-16
107.9
187	117.9
325	.2655
279	49.2
278	57.3
358	14.2
29	19.6
33	28.3
256	32.5
282	37.5
117	43.8
339	49.5
273	57.6
345	32.4
255	37.8
348	40.5
158	43.0
290	67.4
175	-11.0
244
280	Morehead St.	OVC	31	19-12
108.0
185	118.1
330	.2637
280	49.7
256	50.2
109	18.3
280	15.5
258	36.4
21	35.9
352	37.1
130	36.3
217	50.3
239	49.9
97	32.2
266	33.8
170	30.7
348	39.3
174	65.2
287	-8.2
178
281	Mercyhurst	NEC	31	15-16
102.3
298	112.3
239	.2567
281	49.5
266	50.4
121	14.3
33	19.1
49	27.2
293	31.1
203	25.7
361	42.3
325	50.3
239	50.7
132	31.7
292	33.2
127	31.4
334	33.7
25	64.2
330	-12.4
266
282	Presbyterian	BSth	31	14-17
103.1
286	113.1
256	.2560
282	50.6
213	51.5
185	19.4
332	15.7
251	33.4
84	30.2
170	40.3
56	35.8
200	52.2
165	50.6
126	30.9
321	35.5
266	27.7
360	36.2
80	63.9
336	-13.0
278
283	Jacksonville	ASun	31	12-19
103.5
274	113.6
263	.2554
283	50.0
235	54.6
311	17.6
240	15.1
282	31.4
144	29.4
129	33.0
234	42.9
332	51.8
178	54.9
304	31.3
305	36.0
298	37.7
221	35.2
54	63.2
351	-14.1
299
284	IU Indy	Horz	31	7-24
107.0
219	117.5
316	.2529
284	52.1
144	57.7
362	15.9
125	19.1
49	28.9
234	36.0
353	21.5
365	46.8
354	54.9
62	58.1
351	32.3
260	38.0
351	42.5
129	35.8
69	73.3
3	-19.3
355
285	Eastern Kentucky	ASun	31	11-20
109.3
166	120.1
348	.2524
285	51.8
160	55.8
340	16.9
189	14.9
299	32.8
96	31.7
236	30.8
291	38.9
281	51.5
192	57.3
344	34.8
135	35.8
285	50.8
12	41.2
249	67.1
190	-15.6
325
286	Louisiana	SB	31	10-21
101.7
307	111.8
228	.2516
286	47.1
335	52.3
226	17.1
205	18.1
98	28.0
266	32.1
258	27.5
348	45.8
352	44.8
355	51.3
160	33.7
193	36.0
298	41.4
142	36.8
93	62.7
359	-16.3
333
287	North Carolina A&T	CAA	28	11-17
106.0
239	117.0
310	.2434
287	50.9
196	52.3
226	18.5
292	13.9
338	31.3
154	28.2
69	42.3
33	37.5
247	52.6
149	51.3
160	31.7
292	36.1
303	33.4
309	38.0
130	68.3
120	-13.4
290
288	Sacred Heart	MAAC	31	13-18
107.3
207	118.5
335	.2429
288	51.9
153	53.6
279	17.7
246	14.7
315	28.9
234	30.6
183	31.1
285	27.6
25	49.9
262	54.4
290	36.0
62	35.1
242	50.2
15	43.3
299	68.5
113	-14.5
308
289	Northeastern	CAA	28	6-22
106.7
224	118.0
326	.2394
289	51.9
153	56.5
349	16.6
167	16.9
163	26.8
303	29.5
139	29.2
325	41.5
320	53.3
115	58.3
352	33.2
223	35.6
271	38.2
205	35.9
73	69.5
64	-17.4
344
290	Lehigh	Pat	31	15-16
103.3
281	114.3
280	.2372
290	53.1
100	51.3
170	17.7
246	16.5
188	22.4
351	32.7
289	31.7
264	32.5
115	52.7
141	51.2
151	35.8
74	34.4
201	39.0
190	32.1
11	66.7
213	-12.2
264
291	Ball St.	MAC	29	10-19
99.1
340	109.7
186	.2368
291	46.2
347	52.8
253	16.4
153	18.9
62	27.4
288	31.6
227	31.6
271	31.8
96	46.1
345	53.0
236	30.9
321	35.1
242	40.0
168	42.2
270	63.3
348	-14.9
314
292	East Texas A&M	Slnd	31	11-20
100.1
327	110.9
211	.2360
292	48.9
291	52.7
247	19.2
325	16.9
163	25.9
326	32.4
280	31.7
264	34.5
163	50.9
218	50.7
132	31.0
318	37.3
344	46.2
43	38.0
130	68.2
128	-14.2
300
293	Loyola Chicago	A10	29	7-22
103.0
289	114.1
276	.2345
293	49.2
278	52.4
231	19.7
338	13.0
355	30.8
171	29.9
153	35.3
178	34.2
155	51.7
184	49.3
72	30.9
321	37.6
346	47.3
29	44.1
320	66.3
232	-15.5
322
294	Florida A&M	SWAC	28	13-15
99.3
335	110.1
195	.2338
294	49.4
272	51.6
193	21.7
359	18.8
66	30.2
196	30.6
183	37.3
123	39.9
294	49.7
266	50.7
132	32.7
244	35.5
266	38.2
205	34.8
46	67.7
158	-11.1
247
295	Grambling St.	SWAC	29	12-17
97.5
346	108.1
153	.2321
295	49.2
278	50.7
136	21.5
357	20.9
15	30.3
194	32.2
267	42.1
36	40.0
297	49.8
265	51.5
171	32.2
266	32.8
103	37.9
217	34.6
41	67.5
174	-13.3
286
296	Hampton	CAA	30	13-17
100.8
322	111.8
229	.2314
296	45.8
352	51.6
193	17.4
225	17.2
142	32.7
100	29.8
149	39.2
77	45.3
350	46.8
330	53.9
269	29.3
348	31.6
53	36.5
239	34.2
35	65.0
300	-13.1
280
297	Texas Southern	SWAC	28	12-16
103.6
272	115.1
294	.2307
297	50.8
207	52.4
231	18.7
297	16.4
197	28.1
264	31.6
227	38.2
100	44.1
344	50.9
218	54.2
282	33.8
187	33.3
133	33.2
314	42.9
287	68.6
107	-11.0
245
298	UNC Greensboro	SC	31	13-18
108.1
182	120.2
349	.2287
298	51.7
168	56.5
349	15.0
60	13.8
340	27.6
279	29.5
139	42.4
31	30.3
63	50.1
250	56.1
322	36.1
58	38.0
351	40.2
164	46.9
351	67.7
157	-14.3
304
299	Bellarmine	ASun	30	12-18
114.9
86	127.7
365	.2286
299	59.4
5	59.3
365	15.5
95	15.2
274	22.2
354	34.2
320	35.2
182	34.8
172	60.9
7	58.7
355	38.1
17	40.0
364	41.0
147	51.5
362	64.5
323	-13.7
293
300	Le Moyne	NEC	31	15-16
101.2
315	112.4
242	.2284
300	53.0
107	49.1
72	19.2
325	15.1
282	24.9
341	29.3
124	39.8
65	32.9
122	53.9
88	46.1
15	34.5
153	35.9
293	40.8
152	38.9
157	69.3
72	-12.8
273
Rk	Team	Conf	G	Rec	AdjOE	AdjDE	Barthag	Efg%	EfgD%	TOR	TORD	ORB	DRB	FTR	FTRD	2P%	2P%D	3P%	3P%D	3PR	3PRD	Adj T.	WAB
301	Northwestern St.	Slnd	30	10-20
102.3
300	113.8
268	.2281
301	48.9
291	53.0
259	18.0
259	16.9
163	25.6
331	32.9
296	40.1
61	37.7
253	48.3
302	52.7
222	33.4
212	35.7
278	33.9
296	38.0
130	64.8
305	-14.7
313
302	West Georgia	ASun	30	14-16
103.2
282	114.9
287	.2261
302	49.7
256	53.7
284	15.7
108	14.9
299	31.0
163	29.9
153	29.4
320	36.9
233	49.4
275	55.7
317	33.6
201	33.6
155	32.8
318	36.5
89	68.8
104	-11.8
258
303	USC Upstate	BSth	31	13-18
99.6
332	111.0
216	.2247
303	48.2
310	51.1
160	17.9
254	16.3
203	29.0
233	31.2
209	33.0
234	35.9
205	48.8
288	49.7
87	31.3
305	35.7
278	35.2
268	36.3
84	67.7
160	-13.3
289
304	Southeastern Louisiana	Slnd	30	8-22
99.2
338	110.5
201	.2246
304	46.6
339	52.4
231	18.8
302	19.1
49	28.8
238	31.4
218	40.4
53	41.3
314	49.5
273	51.2
151	28.1
360	36.2
308	39.5
181	38.3
142	65.0
298	-16.9
340
305	Arkansas Pine Bluff	SWAC	29	12-17
104.7
256	116.7
308	.2226
305	49.5
266	53.1
268	19.0
315	16.3
203	27.9
269	34.6
326	38.7
90	43.8
339	49.1
282	55.3
309	33.4
212	32.9
111	38.0
212	37.6
118	69.2
81	-11.2
248
306	Alabama St.	SWAC	29	10-19
101.3
313	113.1
254	.2208
306	47.7
323	53.2
271	18.4
286	19.2
44	32.1
122	31.9
250	35.5
168	42.3
325	46.6
333	53.4
248	32.9
237	35.2
248	38.0
212	40.9
233	69.1
88	-13.8
295
307	Central Connecticut	NEC	29	18-11
105.8
244	118.1
331	.2203
307	52.0
147	50.2
109	16.4
153	14.2
331	27.4
288	30.6
183	31.4
275	27.1
21	51.0
213	50.3
116	35.8
74	33.3
133	35.1
270	39.4
177	64.8
307	-8.5
187
308	Georgia St.	SB	31	10-21
99.9
330	111.6
222	.2199
308	43.9
362	50.7
136	15.8
116	16.5
188	27.7
277	33.2
306	37.0
135	34.1
154	42.3
364	51.5
171	30.7
329	33.0
120	42.8
115	39.4
177	67.6
164	-16.8
339
309	Chattanooga	SC	31	13-18
104.9
254	117.1
312	.2199
309	53.8
72	51.2
165	14.5
38	13.3
349	21.7
359	31.9
250	30.2
306	43.4
336	55.5
53	51.8
186	34.7
141	33.6
155	49.5
17	43.9
314	66.8
204	-14.5
306
310	Alabama A&M	SWAC	29	16-13
104.4
261	116.7
307	.2186
310	49.1
284	52.4
231	16.8
183	16.7
179	27.4
288	29.5
139	44.7
11	37.2
241	48.2
306	51.7
184	33.9
183	35.8
285	34.0
293	37.8
123	65.1
293	-9.9
223
311	Evansville
   (H) 127 Southern Illinois	MVC	30	7-23
101.8
306	113.8
271	.2165
311	49.3
274	55.5
336	19.1
321	15.9
235	22.0
355	29.9
153	29.8
313	31.7
94	50.2
244	54.2
282	32.1
272	38.2
357	42.8
115	43.4
303	66.9
201	-16.2
331
312	Northern Arizona	BSky	30	10-20
106.8
221	119.8
346	.2108
312	51.8
160	57.1
356	16.1
137	16.8
171	23.5
348	32.9
296	32.4
251	32.6
117	50.3
239	56.4
332	36.3
50	38.7
362	36.7
236	39.9
198	63.6
342	-15.1
317
313	Cleveland St.	Horz	31	10-21
110.7
140	124.2
363	.2107
313	54.0
68	57.3
358	17.9
254	15.1
282	27.6
279	37.0
357	38.2
100	35.7
198	51.7
184	59.6
362	37.5
26	36.3
311	51.5
7	45.1
336	69.2
84	-16.3
334
314	NJIT	AE	30	15-15
99.9
329	112.6
244	.2031
314	47.1
335	49.8
93	16.6
167	15.9
235	26.2
321	32.2
267	34.2
207	38.5
275	47.5
320	51.0
145	31.1
314	31.9
59	40.1
166	40.8
230	67.9
139	-10.7
237
315	Oral Roberts	Sum	31	9-22
101.9
305	114.9
288	.2002
315	49.2
278	54.5
310	18.2
273	14.8
309	27.9
269	31.7
236	35.1
184	39.5
285	51.2
205	52.9
231	31.1
314	38.2
357	44.9
64	36.4
86	67.5
171	-17.1
341
316	Houston Christian	Slnd	30	11-19
102.8
292	116.3
303	.1941
316	49.5
266	55.1
324	18.9
307	17.4
136	30.7
175	32.3
275	35.5
168	30.5
69	50.5
231	56.3
328	31.9
284	35.5
266	36.2
244	38.0
130	63.5
344	-14.2
301
317	Wagner	NEC	29	13-16
103.3
279	117.0
311	.1933
317	50.1
233	51.0
153	18.8
302	15.2
274	33.1
90	29.7
145	32.5
248	41.2
313	46.6
333	50.2
110	37.5
26	34.8
227	36.1
248	36.3
84	65.5
274	-12.9
274
318	Albany	AE	30	11-19
104.2
264	118.0
327	.1921
318	51.4
178	53.3
273	18.6
296	15.9
235	32.4
114	32.5
282	26.1
358	35.5
193	53.0
128	53.1
239	32.5
252	35.7
278	37.4
226	40.6
218	65.2
290	-15.7
326
319	Prairie View A&M	SWAC	30	13-17
101.5
311	115.1
295	.1901
319	47.4
330	52.5
240	16.3
148	19.6
33	27.0
295	35.2
339	44.0
15	44.8
349	47.1
326	51.5
171	31.9
284	36.3
311	30.8
347	33.9
28	71.9
11	-13.0
276
320	Stetson	ASun	31	11-20
104.6
258	118.8
336	.1890
320	52.8
117	55.3
330	18.5
292	15.0
289	26.7
304	32.1
258	33.2
231	30.3
63	52.1
167	57.8
348	35.8
74	34.4
201	44.4
81	40.9
233	66.8
206	-15.3
318
321	UMass Lowell	AE	30	13-17
103.0
290	117.1
313	.1846
321	50.2
228	53.5
277	18.2
273	14.2
331	32.0
127	29.0
111	36.2
152	28.3
36	50.8
222	54.6
293	32.6
247	34.3
196	30.9
342	35.1
52	69.2
77	-13.0
277
322	Lafayette	Pat	31	11-20
100.6
324	115.1
296	.1762
322	49.0
287	53.6
279	15.4
84	15.3
269	26.3
317	28.7
94	32.4
251	30.6
73	50.0
254	53.3
243	31.7
292	36.1
303	39.8
173	38.0
130	66.6
220	-16.2
330
323	Little Rock	OVC	31	12-19
102.8
293	117.6
318	.1745
323	49.9
247	52.4
231	18.4
286	18.8
66	31.4
144	36.9
356	27.5
348	31.8
96	48.1
309	52.5
218	35.8
74	34.8
227	31.4
334	41.0
240	66.1
247	-15.5
323
324	Loyola MD	Pat	31	12-19
103.4
278	118.8
337	.1678
324	50.3
224	54.2
300	15.7
108	15.4
263	27.6
279	29.0
111	29.9
312	32.3
108	51.7
184	57.8
348	32.4
255	32.5
87	47.3
29	39.6
188	68.1
133	-16.0
328
325	Norfolk St.	MEAC	29	15-14
101.2
314	116.7
309	.1631
325	49.7
256	50.8
146	19.2
325	19.1
49	31.6
139	33.1
304	44.8
10	44.7
348	48.1
309	54.5
292	35.4
98	30.4
20	31.3
337	41.7
260	67.6
166	-10.7
236
Rk	Team	Conf	G	Rec	AdjOE	AdjDE	Barthag	Efg%	EfgD%	TOR	TORD	ORB	DRB	FTR	FTRD	2P%	2P%D	3P%	3P%D	3PR	3PRD	Adj T.	WAB
326	Tennessee Tech	OVC	31	13-18
102.0
303	117.6
317	.1625
326	48.9
291	51.5
185	19.1
321	15.1
282	31.3
154	30.7
189	35.5
168	31.3
85	50.1
250	50.3
116	31.1
314	35.8
285	36.5
239	36.1
79	66.8
205	-14.6
310
327	North Florida	ASun	31	7-24
107.5
199	124.0
362	.1623
327	53.1
100	56.2
346	18.3
280	12.6
361	25.5
333	37.6
360	28.5
336	31.2
84	53.1
123	58.6
353	35.5
89	34.9
230	51.6
6	39.0
165	70.1
40	-18.2
350
328	Cal St. Bakersfield	BW	30	8-22
101.9
304	117.7
320	.1605
328	45.4
355	54.0
296	19.0
315	18.0
101	30.7
175	35.2
339	43.2
20	44.0
342	46.3
342	53.5
253	28.7
357	36.6
324	28.5
358	38.8
153	69.7
56	-16.7
337
329	New Haven	NEC	31	14-17
96.6
349	111.8
227	.1565
329	48.7
299	51.8
205	17.8
250	17.1
152	21.5
360	26.8
34	31.7
264	27.7
27	51.0
213	52.1
201	30.2
339	34.3
196	39.8
173	38.4
145	63.2
352	-13.1
284
330	Bucknell	Pat	31	9-22
99.0
341	115.4
298	.1465
330	48.3
307	55.3
330	19.0
315	17.8
111	26.5
309	31.2
209	30.3
303	35.8
200	50.0
254	53.8
266	30.7
329	38.0
351	42.7
121	44.9
332	66.9
199	-17.5
346
331	Manhattan
   (H) 241 Iona (lost)	MAAC	31	12-19
105.0
253	122.5
356	.1454
331	47.9
315	54.2
300	15.4
84	16.8
171	28.6
244	37.1
359	34.4
204	25.8
10	47.7
316	53.8
266	32.2
266	36.6
324	37.3
229	37.9
128	67.8
142	-15.3
320
332	Eastern Illinois	OVC	31	12-19
95.9
355	111.9
230	.1448
332	45.2
356	51.1
160	18.7
297	19.5
35	28.3
256	35.2
339	34.1
210	35.5
193	44.4
358	53.8
266	31.3
305	31.5
49	30.0
352	40.5
213	65.6
268	-14.4
305
333	Niagara
   (H) 158 Merrimack (lost)	MAAC	30	8-22
100.4
326	117.5
315	.1411
333	50.5
215	52.8
253	18.9
307	16.6
183	24.8
342	32.9
296	26.6
354	33.8
143	50.5
231	52.7
222	33.7
193	35.3
251	40.5
158	40.4
210	61.9
365	-18.3
352
334	Fairleigh Dickinson	NEC	31	11-20
101.5
309	118.9
340	.1401
334	47.3
332	55.1
324	18.1
267	16.1
220	32.1
122	27.7
60	32.6
245	36.4
220	48.5
295	53.9
269	30.5
333	37.9
349	45.2
59	40.7
223	63.8
339	-15.7
327
335	Jackson St.	SWAC	29	9-20
101.0
319	118.5
333	.1378
335	45.9
351	53.3
273	19.6
335	15.8
245	28.2
259	37.7
361	34.8
192	41.4
316	45.1
353	54.4
290	31.3
305	34.4
201	43.4
101	40.3
206	69.6
59	-13.3
288
336	Holy Cross	Pat	31	10-21
100.9
321	118.4
332	.1368
336	49.8
250	54.7
315	15.5
95	14.0
335	22.0
355	27.7
60	31.2
282	27.5
24	50.3
239	57.7
347	32.7
244	33.3
133	37.4
226	39.5
182	65.1
292	-17.3
343
337	Northern Illinois	MAC	28	9-19
96.1
352	112.9
251	.1352
337	47.9
315	54.6
311	22.0
361	16.4
197	31.2
159	29.9
153	37.9
107	38.1
265	48.1
309	56.6
337	31.7
292	34.2
188	44.9
64	36.6
91	67.2
184	-14.2
302
338	Air Force	MWC	29	3-26
97.2
347	114.4
281	.1329
338	49.6
261	56.5
349	22.2
362	15.0
289	22.3
353	31.2
209	35.0
187	36.0
207	51.1
210	55.9
321	31.8
291	38.3
360	42.7
121	39.2
169	65.9
252	-18.4
353
339	UTSA
   (H) 87 Wichita St.	Amer	28	5-23
100.9
320	118.9
338	.1323
339	45.2
356	53.9
290	18.2
273	15.0
289	30.0
204	38.3
363	28.7
334	34.5
163	46.1
345	54.0
275	29.3
348	35.8
285	41.9
135	42.7
282	68.3
122	-17.2
342
340	Stonehill	NEC	31	11-20
92.5
362	109.2
173	.1300
340	46.9
338	48.2
47	19.8
340	13.3
349	28.3
256	27.2
46	27.0
351	30.5
69	46.3
342	47.0
30	31.9
284	33.8
170	39.8
173	32.1
11	66.1
246	-16.7
338
341	Army	Pat	31	11-20
101.5
308	120.1
347	.1269
341	49.8
250	55.2
327	17.2
209	15.4
263	29.3
225	27.6
55	27.2
350	39.8
290	50.3
239	56.1
322	32.9
237	36.1
303	53.0
5	41.7
260	67.0
197	-16.5
335
342	North Alabama	ASun	29	9-20
100.4
325	119.0
341	.1248
342	48.0
314	55.4
333	17.4
225	14.6
318	31.5
142	32.1
258	38.4
96	31.1
80	48.9
285	56.5
335	30.8
326	36.0
298	33.6
304	43.9
314	64.8
308	-16.2
332
343	Alcorn St.	SWAC	28	7-21
99.2
336	117.8
324	.1222
343	48.4
304	56.4
348	19.8
340	18.5
82	27.6
279	36.7
355	29.4
320	40.0
297	46.5
335	59.0
358	34.7
141	34.5
210	34.2
289	35.7
63	67.8
141	-15.0
316
344	Southern Indiana	OVC	30	7-23
96.4
351	114.4
283	.1216
344	43.7
363	49.4
82	17.2
209	16.4
197	31.4
144	33.8
315	37.2
126	36.2
214	43.0
363	48.7
58	29.9
344	34.1
183	39.7
178	27.1
1	67.5
167	-20.4
358
345	Canisius
   (H) 212 Quinnipiac (lost)	MAAC	31	10-21
96.1
353	114.1
275	.1215
345	46.3
346	52.2
222	19.6
335	16.0
227	29.3
225	29.8
149	31.4
275	35.2
185	44.0
359	54.3
288	33.3
215	33.0
120	39.5
181	44.0
318	63.8
338	-17.6
348
346	Chicago St.	NEC	31	7-24
99.1
339	118.1
328	.1178
346	45.1
358	56.6
352	15.7
108	20.1
23	28.0
266	34.7
331	29.4
320	37.6
249	43.7
360	60.2
365	32.1
272	35.4
257	30.9
342	51.5
362	65.6
266	-18.3
351
347	New Hampshire	AE	28	8-20
95.8
357	114.9
290	.1094
347	46.0
348	53.0
259	17.0
199	16.0
227	26.2
321	27.6
55	28.6
335	36.5
225	46.3
342	54.6
293	30.4
337	33.5
151	43.2
104	36.2
80	67.3
178	-15.6
324
348	Maine	AE	30	8-22
93.6
360	112.7
247	.1051
348	49.8
250	50.9
150	19.0
315	19.4
39	19.8
364	34.5
324	37.9
107	34.3
158	51.4
196	54.3
288	31.3
305	30.1
17	37.4
226	37.0
103	64.7
316	-18.8
354
349	Louisiana Monroe	SB	31	4-27
101.2
315	122.1
355	.1027
349	47.8
321	57.0
354	17.2
209	15.9
235	25.3
337	35.7
347	38.0
106	27.4
23	47.5
320	59.0
358	32.2
266	36.2
308	41.7
138	42.6
281	70.2
36	-22.3
363
350	The Citadel	SC	31	10-21
98.7
344	119.5
344	.0999
350	48.6
300	57.0
354	16.6
167	14.9
299	27.8
272	31.6
227	30.2
306	33.8
143	50.1
250	59.0
358	31.3
305	36.3
311	47.8
25	44.1
320	64.0
333	-17.6
347
351	Saint Francis	NEC	31	7-24
101.1
317	122.6
357	.0987
351	48.9
291	58.9
364	18.4
286	18.4
89	27.5
285	33.1
304	30.8
291	38.3
271	47.5
320	60.1
364	34.2
168	38.1
355	37.8
219	40.9
233	69.8
51	-19.5
356
352	North Carolina Central	MEAC	27	11-16
101.1
318	122.7
358	.0975
352	47.4
330	55.5
336	18.3
280	19.2
44	29.2
230	38.4
364	38.1
104	36.7
230	46.5
335	55.7
317	32.9
237	36.8
331	33.3
311	42.0
266	65.9
257	-11.2
250
353	Morgan St.	MEAC	27	12-15
99.5
334	122.1
354	.0869
353	45.6
354	53.0
259	18.4
286	16.8
171	31.6
139	35.0
336	43.1
21	52.7
365	44.9
354	55.3
309	31.2
313	32.1
72	34.4
285	33.1
17	70.4
33	-12.2
263
354	Maryland Eastern Shore	MEAC	29	9-20
93.6
359	115.3
297	.0833
354	47.6
325	50.5
126	23.4
365	17.7
116	30.7
175	33.8
315	29.8
313	43.2
334	49.6
270	51.4
166	29.0
354	32.7
99	33.9
296	40.2
205	63.0
354	-14.7
312
355	Bryant	AE	29	9-20
96.5
350	119.5
345	.0788
355	46.4
343	52.2
222	20.4
349	15.0
289	28.6
244	31.6
227	29.0
330	33.5
133	48.4
298	50.9
142	29.5
347	36.4
316	48.5
22	35.5
58	64.3
328	-16.2
329
356	Rider
   (A) 204 Siena (lost)	MAAC	29	4-25
97.1
348	120.7
352	.0758
356	42.8
364	55.2
327	16.9
189	15.3
269	32.6
105	32.8
292	30.1
308	32.5
115	43.3
362	54.0
275	27.7
365	37.9
349	27.5
361	39.9
198	65.5
271	-19.7
357
357	South Carolina St.	MEAC	28	7-21
95.8
356	119.1
343	.0757
357	46.4
343	55.5
336	20.7
352	18.5
82	31.2
159	37.8
362	40.2
58	51.7
363	44.5
357	57.9
350	33.5
208	34.6
214	33.3
311	39.6
188	68.5
109	-16.6
336
358	UMKC	Sum	30	4-26
94.2
358	117.4
314	.0741
358	46.0
348	56.1
344	18.4
286	16.3
203	26.2
321	35.8
351	28.8
332	31.5
88	47.9
312	56.4
332	28.5
359	37.1
342	36.7
236	38.8
153	69.5
62	-20.8
360
359	Binghamton	AE	31	8-23
98.7
342	123.1
359	.0735
359	50.0
235	54.3
304	18.8
302	13.3
349	20.9
363	29.4
129	41.5
42	34.6
165	50.6
228	54.7
298	32.5
252	35.8
285	30.9
342	39.2
169	65.3
284	-20.5
359
360	VMI	SC	31	6-25
99.6
333	124.8
364	.0693
360	47.5
327	57.1
356	15.3
74	15.7
251	25.5
333	37.0
357	30.8
291	35.4
189	47.8
314	58.7
355	31.4
303	36.8
331	53.7
2	47.0
353	66.6
218	-21.3
361
361	Gardner Webb	BSth	31	3-28
96.0
354	123.6
361	.0523
361	48.2
310	57.4
360	19.9
344	14.9
299	22.6
349	36.5
354	30.1
308	35.6
196	48.9
285	59.4
361	31.4
303	36.2
308	39.9
172	40.8
230	69.8
53	-22.5
364
362	Coppin St.	MEAC	29	7-22
92.4
363	120.4
351	.0455
362	45.7
353	55.5
336	22.4
363	17.5
128	30.4
189	34.6
326	38.9
87	44.0
342	45.6
351	54.0
275	30.5
333	38.2
357	36.0
251	43.3
299	68.5
112	-17.5
345
363	Delaware St.	MEAC	27	6-21
88.9
365	115.9
301	.0453
363	42.6
365	54.9
322	19.8
340	19.9
26	26.4
314	31.6
227	33.9
215	39.8
290	42.3
364	56.1
322	29.0
354	35.1
242	29.3
355	35.7
63	66.2
235	-17.9
349
364	Western Illinois	OVC	31	5-26
93.2
361	123.1
360	.0390
364	44.5
361	54.2
300	17.5
231	14.9
299	27.0
295	34.8
334	37.7
111	34.8
172	43.5
361	54.6
293	30.9
321	35.6
271	33.3
311	34.6
41	66.3
234	-23.1
365
365	Mississippi Valley St.	SWAC	30	3-27
90.3
364	120.3
350	.0358
365	44.9
360	56.0
342	21.7
359	17.2
142	26.1
325	35.5
345	32.6
245	49.3
362	45.5
352	56.5
335	28.8
356	37.0
336	30.1
351	43.0
290	67.3
182	-22.2
362